1 0.35885416666666664 0.8125 0.041666666666666664 0.08981481481481482
1 0.54453125 0.7694444444444445 0.030729166666666665 0.05
1 0.3921875 0.6638888888888889 0.040625 0.06481481481481481
1 0.39479166666666665 0.8231481481481482 0.025 0.10555555555555556
1 0.3419270833333333 0.4222222222222222 0.0296875 0.044444444444444446
1 0.6013020833333333 0.4337962962962963 0.0234375 0.058333333333333334
1 0.2643229166666667 0.4583333333333333 0.028645833333333332 0.05555555555555555
1 0.48541666666666666 0.43194444444444446 0.03333333333333333 0.04537037037037037
1 0.28098958333333335 0.42314814814814816 0.027604166666666666 0.03888888888888889
1 0.653125 0.41574074074074074 0.0375 0.03518518518518519
1 0.9869791666666666 0.5847222222222223 0.025 0.032407407407407406