1 0.02890625 0.7166666666666667 0.033854166666666664 0.06296296296296296
1 0.013802083333333333 0.5884259259259259 0.0265625 0.06388888888888888
1 0.52421875 0.8629629629629629 0.0296875 0.11851851851851852
1 0.77734375 0.875 0.022395833333333334 0.053703703703703705
1 0.3802083333333333 0.43194444444444446 0.022916666666666665 0.041666666666666664
1 0.11536458333333334 0.7194444444444444 0.019270833333333334 0.05185185185185185
1 0.2708333333333333 0.975925925925926 0.04479166666666667 0.046296296296296294
1 0.9747395833333333 0.950462962962963 0.025520833333333333 0.0787037037037037
1 0.02578125 0.43842592592592594 0.0171875 0.06944444444444445
1 0.16692708333333334 0.9055555555555556 0.03802083333333333 0.046296296296296294
1 0.42994791666666665 0.9592592592592593 0.015104166666666667 0.03518518518518519