1 0.33697916666666666 0.5763888888888888 0.04791666666666667 0.06018518518518518
1 0.21614583333333334 0.4828703703703704 0.03125 0.05277777777777778
1 0.3421875 0.4546296296296296 0.021875 0.07037037037037037
1 0.3927083333333333 0.34074074074074073 0.029166666666666667 0.04814814814814815
1 0.28828125 0.6425925925925926 0.0328125 0.06296296296296296
1 0.7791666666666667 0.41574074074074074 0.035416666666666666 0.040740740740740744
1 0.3255208333333333 0.4111111111111111 0.03333333333333333 0.03518518518518519
1 0.8380208333333333 0.9254629629629629 0.04895833333333333 0.058333333333333334
1 0.4973958333333333 0.4513888888888889 0.021875 0.049074074074074076
1 0.5458333333333333 0.4148148148148148 0.01875 0.025925925925925925
1 0.20989583333333334 0.7986111111111112 0.019791666666666666 0.06574074074074074