1 0.7088541666666667 0.48194444444444445 0.03854166666666667 0.06759259259259259
1 0.17916666666666667 0.8189814814814815 0.034375 0.1287037037037037
1 0.24713541666666666 0.6319444444444444 0.0234375 0.06018518518518518
1 0.2552083333333333 0.5518518518518518 0.027083333333333334 0.06666666666666667
1 0.38958333333333334 0.6504629629629629 0.030208333333333334 0.06018518518518518
1 0.44036458333333334 0.6638888888888889 0.022395833333333334 0.05185185185185185
1 0.03463541666666667 0.8009259259259259 0.034895833333333334 0.05740740740740741
1 0.4171875 0.4324074074074074 0.022916666666666665 0.06111111111111111
1 0.9005208333333333 0.4449074074074074 0.03854166666666667 0.03981481481481482
1 0.45338541666666665 0.41759259259259257 0.019270833333333334 0.040740740740740744
1 0.54765625 0.4125 0.0234375 0.028703703703703703
1 0.43697916666666664 0.41898148148148145 0.01875 0.04351851851851852
1 0.11953125 0.8375 0.027604166666666666 0.032407407407407406
1 0.34791666666666665 0.8194444444444444 0.029166666666666667 0.05925925925925926
1 0.07526041666666666 0.8699074074074075 0.022395833333333334 0.03981481481481482