1 0.8729166666666667 0.6796296296296296 0.040625 0.07962962962962963
1 0.309375 0.5296296296296297 0.026041666666666668 0.06111111111111111
1 0.2609375 0.6537037037037037 0.03854166666666667 0.05185185185185185
1 0.22135416666666666 0.4550925925925926 0.019791666666666666 0.06944444444444445
1 0.2833333333333333 0.4263888888888889 0.023958333333333335 0.06018518518518518
1 0.6591145833333333 0.41712962962962963 0.03802083333333333 0.03796296296296296
1 0.3703125 0.7967592592592593 0.030208333333333334 0.03981481481481482
1 0.51796875 0.9847222222222223 0.030729166666666665 0.030555555555555555
1 0.03333333333333333 0.7754629629629629 0.015625 0.06574074074074074
1 0.8497395833333333 0.8263888888888888 0.022395833333333334 0.049074074074074076
1 0.6138020833333333 0.8574074074074074 0.0140625 0.07222222222222222