1 0.2265625 0.5800925925925926 0.03854166666666667 0.08055555555555556
1 0.50234375 0.5375 0.049479166666666664 0.06018518518518518
1 0.07213541666666666 0.9472222222222222 0.0421875 0.06851851851851852
1 0.9013020833333333 0.5884259259259259 0.021354166666666667 0.08796296296296297
1 0.2953125 0.42685185185185187 0.026041666666666668 0.05740740740740741
1 0.5091145833333334 0.5949074074074074 0.0203125 0.06759259259259259
1 0.19401041666666666 0.475462962962963 0.0328125 0.05092592592592592
1 0.6697916666666667 0.5236111111111111 0.027083333333333334 0.06388888888888888
1 0.46979166666666666 0.4375 0.026041666666666668 0.06018518518518518
1 0.23984375 0.7699074074074074 0.028645833333333332 0.06388888888888888
1 0.67421875 0.6342592592592593 0.033854166666666664 0.04259259259259259
1 0.35208333333333336 0.41759259259259257 0.01875 0.025925925925925925