1 0.6658854166666667 0.762962962962963 0.028645833333333332 0.08333333333333333
1 0.5197916666666667 0.8143518518518519 0.030208333333333334 0.075
1 0.79140625 0.5305555555555556 0.0328125 0.05740740740740741
1 0.3651041666666667 0.7462962962962963 0.017708333333333333 0.06851851851851852
1 0.45390625 0.5074074074074074 0.021354166666666667 0.05555555555555555
1 0.39765625 0.43333333333333335 0.025520833333333333 0.05555555555555555
1 0.49713541666666666 0.6462962962962963 0.0203125 0.07592592592592592
1 0.6359375 0.6259259259259259 0.020833333333333332 0.053703703703703705
1 0.30052083333333335 0.42592592592592593 0.023958333333333335 0.04259259259259259
1 0.18020833333333333 0.5986111111111111 0.027083333333333334 0.03981481481481482
1 0.26588541666666665 0.9638888888888889 0.0328125 0.05