1 0.3533854166666667 0.46805555555555556 0.022395833333333334 0.06666666666666667
1 0.48385416666666664 0.6907407407407408 0.027604166666666666 0.0824074074074074
1 0.36380208333333336 0.825 0.025520833333333333 0.05740740740740741
1 0.73828125 0.45555555555555555 0.03229166666666667 0.053703703703703705
1 0.61953125 0.4685185185185185 0.020833333333333332 0.06574074074074074
1 0.5395833333333333 0.4222222222222222 0.022395833333333334 0.04537037037037037
1 0.5872395833333334 0.7189814814814814 0.04114583333333333 0.03333333333333333
1 0.8015625 0.4263888888888889 0.03697916666666667 0.03148148148148148
1 0.31171875 0.41712962962962963 0.025 0.05925925925925926
1 0.5096354166666667 0.4152777777777778 0.021875 0.03333333333333333
1 0.9854166666666667 0.8814814814814815 0.022916666666666665 0.06759259259259259