1 0.6013020833333333 0.40046296296296297 0.05572916666666667 0.075
1 0.51953125 0.5259259259259259 0.0296875 0.07592592592592592
1 0.5361979166666667 0.7337962962962963 0.028645833333333332 0.0712962962962963
1 0.33177083333333335 0.9120370370370371 0.021875 0.07407407407407407
1 0.5942708333333333 0.8231481481481482 0.026041666666666668 0.0962962962962963
1 0.303125 0.4444444444444444 0.025 0.05
1 0.2830729166666667 0.4287037037037037 0.024479166666666666 0.053703703703703705
1 0.4986979166666667 0.4439814814814815 0.021354166666666667 0.062037037037037036
1 0.3216145833333333 0.40555555555555556 0.0234375 0.044444444444444446
1 0.5513020833333333 0.9712962962962963 0.022395833333333334 0.05740740740740741
1 0.10104166666666667 0.9180555555555555 0.034375 0.09537037037037037
1 0.33255208333333336 0.4305555555555556 0.016145833333333335 0.03333333333333333