1 0.5692708333333333 0.8143518518518519 0.026041666666666668 0.05277777777777778
1 0.28125 0.4324074074074074 0.022916666666666665 0.053703703703703705
1 0.5127604166666667 0.8134259259259259 0.019270833333333334 0.06944444444444445
1 0.2911458333333333 0.3773148148148148 0.03125 0.0787037037037037
1 0.29296875 0.4842592592592593 0.0390625 0.06111111111111111
1 0.39453125 0.43472222222222223 0.024479166666666666 0.058333333333333334
1 0.27838541666666666 0.9634259259259259 0.021354166666666667 0.07314814814814814
1 0.12057291666666667 0.4787037037037037 0.027604166666666666 0.046296296296296294
1 0.23151041666666666 0.7273148148148149 0.021354166666666667 0.062037037037037036
1 0.3067708333333333 0.45092592592592595 0.022916666666666665 0.053703703703703705
1 0.33046875 0.4162037037037037 0.024479166666666666 0.026851851851851852
1 0.21770833333333334 0.7587962962962963 0.01875 0.03611111111111111
1 0.30390625 0.4166666666666667 0.019270833333333334 0.027777777777777776