1 0.13385416666666666 0.7143518518518519 0.019791666666666666 0.06944444444444445
1 0.22682291666666668 0.5717592592592593 0.025520833333333333 0.06574074074074074
1 0.7239583333333334 0.775 0.01875 0.06481481481481481
1 0.5484375 0.4550925925925926 0.023958333333333335 0.058333333333333334
1 0.29765625 0.6819444444444445 0.0328125 0.058333333333333334
1 0.6098958333333333 0.7425925925925926 0.022916666666666665 0.05925925925925926
1 0.33307291666666666 0.4462962962962963 0.024479166666666666 0.06111111111111111
1 0.15625 0.44537037037037036 0.0375 0.040740740740740744
1 0.29739583333333336 0.43333333333333335 0.03125 0.05925925925925926
1 0.22734375 0.9231481481481482 0.04010416666666667 0.05555555555555555
1 0.49557291666666664 0.8287037037037037 0.0328125 0.03148148148148148
1 0.3020833333333333 0.46064814814814814 0.03854166666666667 0.05277777777777778