1 0.0734375 0.7060185185185185 0.03333333333333333 0.05648148148148148
1 0.5950520833333334 0.5662037037037037 0.0265625 0.06759259259259259
1 0.49114583333333334 0.7 0.03229166666666667 0.05555555555555555
1 0.6809895833333334 0.5111111111111111 0.0203125 0.07037037037037037
1 0.35130208333333335 0.44074074074074077 0.0234375 0.05555555555555555
1 0.16901041666666666 0.8236111111111111 0.019270833333333334 0.05092592592592592
1 0.32473958333333336 0.40185185185185185 0.0359375 0.03518518518518519
1 0.35572916666666665 0.700462962962963 0.026041666666666668 0.058333333333333334
1 0.88515625 0.44166666666666665 0.034895833333333334 0.037037037037037035
1 0.29322916666666665 0.9111111111111111 0.01875 0.05925925925925926
1 0.38203125 0.8680555555555556 0.024479166666666666 0.049074074074074076