1 0.14322916666666666 0.7180555555555556 0.0453125 0.1
1 0.3203125 0.9083333333333333 0.025 0.06296296296296296
1 0.24036458333333333 0.5513888888888889 0.021875 0.07685185185185185
1 0.5682291666666667 0.6208333333333333 0.01875 0.062037037037037036
1 0.5028645833333333 0.7342592592592593 0.028645833333333332 0.06481481481481481
1 0.51484375 0.5296296296296297 0.0203125 0.06759259259259259
1 0.5981770833333333 0.4412037037037037 0.020833333333333332 0.04814814814814815
1 0.60703125 0.5370370370370371 0.018229166666666668 0.05740740740740741
1 0.6364583333333333 0.4550925925925926 0.023958333333333335 0.05462962962962963
1 0.3184895833333333 0.4115740740740741 0.034895833333333334 0.03425925925925926
1 0.0484375 0.5277777777777778 0.0328125 0.06388888888888888