1 0.11927083333333334 0.8537037037037037 0.0375 0.1
1 0.7434895833333334 0.6949074074074074 0.028645833333333332 0.06944444444444445
1 0.5955729166666667 0.6439814814814815 0.04114583333333333 0.05277777777777778
1 0.4786458333333333 0.9208333333333333 0.023958333333333335 0.08425925925925926
1 0.2046875 0.4726851851851852 0.03333333333333333 0.05092592592592592
1 0.35859375 0.4351851851851852 0.022395833333333334 0.06296296296296296
1 0.4049479166666667 0.44907407407407407 0.019270833333333334 0.06851851851851852
1 0.27005208333333336 0.8027777777777778 0.018229166666666668 0.06111111111111111
1 0.47239583333333335 0.42407407407407405 0.01875 0.03333333333333333
1 0.43463541666666666 0.6129629629629629 0.025520833333333333 0.05740740740740741
1 0.7799479166666666 0.8004629629629629 0.018229166666666668 0.06018518518518518
1 0.010416666666666666 0.5782407407407407 0.019791666666666666 0.049074074074074076
1 0.69921875 0.8629629629629629 0.027604166666666666 0.02962962962962963