1 0.39010416666666664 0.5166666666666667 0.021875 0.07037037037037037
1 0.16119791666666666 0.6907407407407408 0.0265625 0.09444444444444444
1 0.6635416666666667 0.42083333333333334 0.020833333333333332 0.06388888888888888
1 0.3463541666666667 0.42314814814814816 0.019791666666666666 0.05740740740740741
1 0.5213541666666667 0.5263888888888889 0.021875 0.06388888888888888
1 0.8354166666666667 0.625462962962963 0.01875 0.049074074074074076
1 0.045572916666666664 0.7060185185185185 0.033854166666666664 0.04537037037037037
1 0.7145833333333333 0.40185185185185185 0.030208333333333334 0.037037037037037035
1 0.48854166666666665 0.5074074074074074 0.022916666666666665 0.05740740740740741
1 0.4010416666666667 0.937037037037037 0.026041666666666668 0.07037037037037037
1 0.44166666666666665 0.4708333333333333 0.023958333333333335 0.062037037037037036
1 0.36484375 0.42314814814814816 0.021354166666666667 0.05
1 0.5216145833333333 0.4166666666666667 0.022395833333333334 0.03148148148148148
1 0.30911458333333336 0.9583333333333334 0.0453125 0.08333333333333333