1 0.8216145833333334 0.5523148148148148 0.033854166666666664 0.05
1 0.47239583333333335 0.788425925925926 0.036458333333333336 0.07222222222222222
1 0.3341145833333333 0.5555555555555556 0.026041666666666668 0.06851851851851852
1 0.5236979166666667 0.4740740740740741 0.022395833333333334 0.06388888888888888
1 0.5057291666666667 0.44305555555555554 0.024479166666666666 0.05462962962962963
1 0.7130208333333333 0.39814814814814814 0.029166666666666667 0.04537037037037037
1 0.45755208333333336 0.43425925925925923 0.027083333333333334 0.053703703703703705
1 0.34296875 0.4097222222222222 0.019791666666666666 0.028703703703703703
1 0.42265625 0.4361111111111111 0.025 0.06666666666666667
1 0.19609375 0.7861111111111111 0.03229166666666667 0.06481481481481481
1 0.12057291666666667 0.6791666666666667 0.018229166666666668 0.07314814814814814
1 0.36953125 0.4083333333333333 0.018229166666666668 0.025