1 0.7705729166666667 0.7032407407407407 0.03697916666666667 0.12314814814814815
1 0.5778645833333333 0.600462962962963 0.03697916666666667 0.062037037037037036
1 0.4934895833333333 0.9490740740740741 0.0328125 0.09814814814814815
1 0.4953125 0.5199074074074074 0.03125 0.05462962962962963
1 0.6411458333333333 0.4425925925925926 0.034375 0.06481481481481481
1 0.2716145833333333 0.425 0.028645833333333332 0.06666666666666667
1 0.5 0.42824074074074076 0.030208333333333334 0.041666666666666664
1 0.3033854166666667 0.8981481481481481 0.04114583333333333 0.05555555555555555
1 0.690625 0.524074074074074 0.022916666666666665 0.06111111111111111
1 0.34765625 0.44074074074074077 0.028645833333333332 0.05925925925925926
1 0.32317708333333334 0.41574074074074074 0.028645833333333332 0.02962962962962963
1 0.4703125 0.42083333333333334 0.027083333333333334 0.028703703703703703