1 0.2872395833333333 0.5930555555555556 0.03697916666666667 0.06944444444444445
1 0.8716145833333333 0.40694444444444444 0.028645833333333332 0.06944444444444445
1 0.51875 0.9481481481481482 0.025 0.06851851851851852
1 0.31640625 0.39537037037037037 0.030729166666666665 0.037037037037037035
1 0.22473958333333333 0.9601851851851851 0.0234375 0.07037037037037037
1 0.35052083333333334 0.4152777777777778 0.028125 0.03611111111111111
1 0.3458333333333333 0.49398148148148147 0.022916666666666665 0.062037037037037036
1 0.3619791666666667 0.9078703703703703 0.020833333333333332 0.06759259259259259
1 0.053125 0.8731481481481481 0.023958333333333335 0.053703703703703705
1 0.6177083333333333 0.7638888888888888 0.016666666666666666 0.06666666666666667
1 0.5869791666666667 0.9884259259259259 0.028125 0.023148148148148147
1 0.5421875 0.4083333333333333 0.016666666666666666 0.020370370370370372
1 0.8885416666666667 0.4425925925925926 0.022916666666666665 0.03148148148148148