1 0.35703125 0.6217592592592592 0.05260416666666667 0.13425925925925927
1 0.271875 0.5611111111111111 0.021875 0.07777777777777778
1 0.56875 0.8222222222222222 0.023958333333333335 0.08148148148148149
1 0.6497395833333334 0.5541666666666667 0.0265625 0.06018518518518518
1 0.021354166666666667 0.45601851851851855 0.026041666666666668 0.058333333333333334
1 0.34453125 0.4097222222222222 0.033854166666666664 0.032407407407407406
1 0.4518229166666667 0.8 0.0203125 0.07037037037037037
1 0.7505208333333333 0.4027777777777778 0.03854166666666667 0.037037037037037035
1 0.42864583333333334 0.40879629629629627 0.023958333333333335 0.041666666666666664
1 0.3372395833333333 0.5625 0.0203125 0.06574074074074074
1 0.2328125 0.9555555555555556 0.03229166666666667 0.06666666666666667
1 0.6513020833333333 0.9810185185185185 0.022395833333333334 0.03796296296296296
1 0.8510416666666667 0.7949074074074074 0.016666666666666666 0.05462962962962963
1 0.3494791666666667 0.9032407407407408 0.030208333333333334 0.05277777777777778