1 0.578125 0.6694444444444444 0.0203125 0.06759259259259259
1 0.01796875 0.44722222222222224 0.035416666666666666 0.062037037037037036
1 0.3390625 0.8236111111111111 0.029166666666666667 0.041666666666666664
1 0.2559895833333333 0.5537037037037037 0.025520833333333333 0.06111111111111111
1 0.5911458333333334 0.44305555555555554 0.022395833333333334 0.062037037037037036
1 0.37864583333333335 0.42314814814814816 0.020833333333333332 0.05
1 0.071875 0.6537037037037037 0.020833333333333332 0.049074074074074076
1 0.39921875 0.4351851851851852 0.01875 0.06111111111111111
1 0.38515625 0.9060185185185186 0.029166666666666667 0.06111111111111111
1 0.4747395833333333 0.9810185185185185 0.0328125 0.03796296296296296
1 0.4518229166666667 0.39351851851851855 0.07760416666666667 0.05648148148148148
1 0.31223958333333335 0.41064814814814815 0.03125 0.025925925925925925