1 0.1765625 0.5611111111111111 0.028125 0.06481481481481481
1 0.5997395833333333 0.42962962962962964 0.027604166666666666 0.05
1 0.38776041666666666 0.45046296296296295 0.022395833333333334 0.05462962962962963
1 0.32265625 0.4064814814814815 0.018229166666666668 0.027777777777777776
1 0.38385416666666666 0.4152777777777778 0.03125 0.05092592592592592
1 0.8658854166666666 0.38101851851851853 0.04739583333333333 0.041666666666666664
1 0.4122395833333333 0.46944444444444444 0.03697916666666667 0.040740740740740744
1 0.49192708333333335 0.986574074074074 0.018229166666666668 0.026851851851851852
1 0.24088541666666666 0.986574074074074 0.033854166666666664 0.026851851851851852
1 0.36223958333333334 0.42685185185185187 0.0171875 0.05185185185185185
1 0.09895833333333333 0.5680555555555555 0.023958333333333335 0.03796296296296296
1 0.7528645833333333 0.7138888888888889 0.025520833333333333 0.022222222222222223