1 0.28671875 0.7393518518518518 0.0296875 0.06388888888888888
1 0.14765625 0.5768518518518518 0.033854166666666664 0.07222222222222222
1 0.6315104166666666 0.7532407407407408 0.019270833333333334 0.06944444444444445
1 0.4390625 0.5074074074074074 0.022916666666666665 0.05555555555555555
1 0.6434895833333333 0.4773148148148148 0.0171875 0.06574074074074074
1 0.4752604166666667 0.7851851851851852 0.027604166666666666 0.037037037037037035
1 0.8807291666666667 0.4388888888888889 0.034375 0.03518518518518519
1 0.18854166666666666 0.7412037037037037 0.025 0.05277777777777778
1 0.3296875 0.40555555555555556 0.028125 0.03148148148148148
1 0.3528645833333333 0.40879629629629627 0.0203125 0.026851851851851852
1 0.26171875 0.9819444444444444 0.025520833333333333 0.03611111111111111