1 0.4583333333333333 0.6550925925925926 0.019791666666666666 0.06574074074074074
1 0.9083333333333333 0.5861111111111111 0.027083333333333334 0.053703703703703705
1 0.8338541666666667 0.8 0.01875 0.06666666666666667
1 0.46770833333333334 0.4199074074074074 0.021875 0.03981481481481482
1 0.39791666666666664 0.44351851851851853 0.026041666666666668 0.05740740740740741
1 0.7028645833333333 0.4097222222222222 0.030729166666666665 0.03425925925925926
1 0.528125 0.4287037037037037 0.019791666666666666 0.05185185185185185
1 0.7596354166666667 0.5009259259259259 0.04739583333333333 0.05185185185185185
1 0.42265625 0.4101851851851852 0.0203125 0.025925925925925925
1 0.5020833333333333 0.4115740740740741 0.017708333333333333 0.023148148148148147
1 0.0049479166666666664 0.32546296296296295 0.008854166666666666 0.062037037037037036