1 0.08854166666666667 0.5967592592592592 0.03229166666666667 0.06018518518518518
1 0.40208333333333335 0.6365740740740741 0.028125 0.06388888888888888
1 0.8609375 0.9490740740740741 0.03125 0.1
1 0.7861979166666667 0.4222222222222222 0.025520833333333333 0.06851851851851852
1 0.6825520833333333 0.5962962962962963 0.021354166666666667 0.06481481481481481
1 0.30442708333333335 0.5050925925925925 0.0265625 0.06574074074074074
1 0.5200520833333333 0.44212962962962965 0.0203125 0.06388888888888888
1 0.6544270833333333 0.46944444444444444 0.022395833333333334 0.06111111111111111
1 0.46979166666666666 0.4324074074074074 0.025 0.053703703703703705
1 0.30859375 0.4166666666666667 0.0390625 0.027777777777777776
1 0.35260416666666666 0.4152777777777778 0.019791666666666666 0.021296296296296296
1 0.5002604166666667 0.41574074074074074 0.018229166666666668 0.016666666666666666