1 0.6 0.48518518518518516 0.04114583333333333 0.06574074074074074
1 0.16927083333333334 0.8305555555555556 0.0296875 0.08518518518518518
1 0.63125 0.9106481481481481 0.020833333333333332 0.07685185185185185
1 0.8208333333333333 0.711574074074074 0.028645833333333332 0.10462962962962963
1 0.22864583333333333 0.6699074074074074 0.020833333333333332 0.06296296296296296
1 0.32109375 0.41574074074074074 0.021875 0.04814814814814815
1 0.30703125 0.47314814814814815 0.0375 0.041666666666666664
1 0.5223958333333333 0.9074074074074074 0.019791666666666666 0.07962962962962963
1 0.5567708333333333 0.48518518518518516 0.01875 0.06296296296296296
1 0.8036458333333333 0.42916666666666664 0.03958333333333333 0.037037037037037035
1 0.5125 0.4162037037037037 0.021875 0.03518518518518519