1 0.44453125 0.6564814814814814 0.022395833333333334 0.07407407407407407
1 0.19270833333333334 0.5509259259259259 0.03125 0.05740740740740741
1 0.60234375 0.8412037037037037 0.022395833333333334 0.03425925925925926
1 0.26145833333333335 0.7564814814814815 0.019791666666666666 0.05740740740740741
1 0.41302083333333334 0.48194444444444445 0.021875 0.04722222222222222
1 0.35703125 0.4134259259259259 0.021354166666666667 0.03611111111111111
1 0.41744791666666664 0.41064814814814815 0.019270833333333334 0.03611111111111111
1 0.8880208333333334 0.42962962962962964 0.0375 0.03333333333333333
1 0.3098958333333333 0.4050925925925926 0.017708333333333333 0.021296296296296296
1 0.2625 0.8680555555555556 0.03125 0.06574074074074074
1 0.6888020833333334 0.8981481481481481 0.028645833333333332 0.07222222222222222