1 0.3375 0.5518518518518518 0.022395833333333334 0.06111111111111111
1 0.37421875 0.6287037037037037 0.0203125 0.07037037037037037
1 0.29375 0.41898148148148145 0.022916666666666665 0.04351851851851852
1 0.34791666666666665 0.4671296296296296 0.026041666666666668 0.06018518518518518
1 0.45625 0.4462962962962963 0.021875 0.06018518518518518
1 0.3890625 0.41064814814814815 0.028125 0.027777777777777776
1 0.4861979166666667 0.4148148148148148 0.019270833333333334 0.028703703703703703
1 0.309375 0.4425925925925926 0.019791666666666666 0.05740740740740741
1 0.23541666666666666 0.4351851851851852 0.033854166666666664 0.03333333333333333
1 0.590625 0.41898148148148145 0.022395833333333334 0.03425925925925926
1 0.64375 0.41574074074074074 0.023958333333333335 0.026851851851851852