1 0.5614583333333333 0.7328703703703704 0.026041666666666668 0.07314814814814814
1 0.3541666666666667 0.5486111111111112 0.027083333333333334 0.08425925925925926
1 0.3958333333333333 0.5268518518518519 0.019791666666666666 0.07222222222222222
1 0.28828125 0.5856481481481481 0.0203125 0.07314814814814814
1 0.32734375 0.6833333333333333 0.022395833333333334 0.08148148148148149
1 0.51640625 0.5041666666666667 0.0296875 0.05277777777777778
1 0.54921875 0.3972222222222222 0.024479166666666666 0.06481481481481481
1 0.33489583333333334 0.44166666666666665 0.023958333333333335 0.06296296296296296
1 0.3575520833333333 0.42453703703703705 0.025520833333333333 0.03611111111111111
1 0.6768229166666667 0.47314814814814815 0.024479166666666666 0.05740740740740741
1 0.4973958333333333 0.42407407407407405 0.030208333333333334 0.03333333333333333