1 0.4596354166666667 0.950462962962963 0.043229166666666666 0.09907407407407408
1 0.6708333333333333 0.6523148148148148 0.028125 0.07314814814814814
1 0.28880208333333335 0.425 0.028645833333333332 0.05
1 0.03984375 0.13425925925925927 0.043229166666666666 0.06481481481481481
1 0.57578125 0.6282407407407408 0.019270833333333334 0.06574074074074074
1 0.40859375 0.4759259259259259 0.0265625 0.06666666666666667
1 0.5322916666666667 0.4212962962962963 0.03229166666666667 0.03148148148148148
1 0.36875 0.4388888888888889 0.022916666666666665 0.06666666666666667
1 0.4153645833333333 0.42083333333333334 0.022395833333333334 0.058333333333333334
1 0.43515625 0.412962962962963 0.0234375 0.03148148148148148
1 0.2669270833333333 0.9837962962962963 0.022395833333333334 0.032407407407407406