1 0.58515625 0.42962962962962964 0.024479166666666666 0.046296296296296294
1 0.23802083333333332 0.49537037037037035 0.03333333333333333 0.05740740740740741
1 0.5286458333333334 0.663425925925926 0.020833333333333332 0.0787037037037037
1 0.17447916666666666 0.8004629629629629 0.04479166666666667 0.05277777777777778
1 0.6203125 0.4685185185185185 0.017708333333333333 0.06111111111111111
1 0.10026041666666667 0.5699074074074074 0.0234375 0.04722222222222222
1 0.3359375 0.42962962962962964 0.030208333333333334 0.053703703703703705
1 0.38177083333333334 0.4287037037037037 0.026041666666666668 0.06111111111111111
1 0.11640625 0.9421296296296297 0.027604166666666666 0.06944444444444445
1 0.4979166666666667 0.9837962962962963 0.030208333333333334 0.032407407407407406
1 0.01953125 0.7231481481481481 0.021354166666666667 0.02962962962962963