1 0.38671875 0.8458333333333333 0.028645833333333332 0.08888888888888889
1 0.4979166666666667 0.4148148148148148 0.036458333333333336 0.06574074074074074
1 0.32916666666666666 0.8921296296296296 0.027083333333333334 0.0712962962962963
1 0.030989583333333334 0.6921296296296297 0.030208333333333334 0.04814814814814815
1 0.3046875 0.5597222222222222 0.025520833333333333 0.06759259259259259
1 0.2630208333333333 0.7467592592592592 0.019270833333333334 0.06388888888888888
1 0.1 0.5314814814814814 0.021875 0.05740740740740741
1 0.47291666666666665 0.9611111111111111 0.024479166666666666 0.07592592592592592
1 0.19765625 0.5125 0.0328125 0.05092592592592592
1 0.3026041666666667 0.425462962962963 0.021354166666666667 0.046296296296296294
1 0.3260416666666667 0.4162037037037037 0.0203125 0.02962962962962963