1 0.2640625 0.7541666666666667 0.03854166666666667 0.062037037037037036
1 0.2955729166666667 0.5055555555555555 0.05677083333333333 0.06296296296296296
1 0.5984375 0.43194444444444446 0.03125 0.041666666666666664
1 0.36171875 0.45925925925925926 0.0265625 0.06111111111111111
1 0.4979166666666667 0.3333333333333333 0.03125 0.05185185185185185
1 0.9263020833333333 0.7097222222222223 0.0234375 0.09351851851851851
1 0.28229166666666666 0.42592592592592593 0.026041666666666668 0.046296296296296294
1 0.43828125 0.4351851851851852 0.028645833333333332 0.053703703703703705
1 0.4890625 0.46805555555555556 0.019791666666666666 0.058333333333333334
1 0.7010416666666667 0.45694444444444443 0.022916666666666665 0.058333333333333334
1 0.4635416666666667 0.4166666666666667 0.01875 0.020370370370370372
1 0.05390625 0.8583333333333333 0.0234375 0.06666666666666667