1 0.29713541666666665 0.8041666666666667 0.0296875 0.07685185185185185
1 0.32864583333333336 0.5171296296296296 0.022916666666666665 0.0712962962962963
1 0.48098958333333336 0.4273148148148148 0.0328125 0.041666666666666664
1 0.26953125 0.5615740740740741 0.021354166666666667 0.075
1 0.4630208333333333 0.4791666666666667 0.021875 0.06388888888888888
1 0.3072916666666667 0.6523148148148148 0.01875 0.06388888888888888
1 0.2708333333333333 0.44351851851851853 0.022916666666666665 0.05925925925925926
1 0.2140625 0.4287037037037037 0.028125 0.046296296296296294
1 0.15703125 0.6541666666666667 0.04739583333333333 0.04537037037037037
1 0.5890625 0.4162037037037037 0.020833333333333332 0.03611111111111111
1 0.38958333333333334 0.41203703703703703 0.029166666666666667 0.03148148148148148
1 0.64296875 0.41574074074074074 0.025520833333333333 0.027777777777777776