1 0.5494791666666666 0.48518518518518516 0.03333333333333333 0.04814814814814815
1 0.5106770833333333 0.3476851851851852 0.025520833333333333 0.06018518518518518
1 0.68359375 0.45185185185185184 0.0234375 0.05740740740740741
1 0.4739583333333333 0.4203703703703704 0.020833333333333332 0.07592592592592592
1 0.43411458333333336 0.4388888888888889 0.0234375 0.06111111111111111
1 0.44088541666666664 0.6226851851851852 0.0203125 0.06759259259259259
1 0.30807291666666664 0.43148148148148147 0.021354166666666667 0.053703703703703705
1 0.2908854166666667 0.4532407407407407 0.024479166666666666 0.06574074074074074
1 0.5010416666666667 0.42592592592592593 0.03125 0.027777777777777776
1 0.2721354166666667 0.44074074074074077 0.019270833333333334 0.053703703703703705
1 0.36380208333333336 0.4166666666666667 0.019270833333333334 0.024074074074074074
1 0.3375 0.4134259259259259 0.01875 0.021296296296296296
1 0.20182291666666666 0.7958333333333333 0.034895833333333334 0.04351851851851852