1 0.07942708333333333 0.7194444444444444 0.033854166666666664 0.06851851851851852
1 0.9786458333333333 0.5300925925925926 0.030208333333333334 0.05092592592592592
1 0.5666666666666667 0.6722222222222223 0.027083333333333334 0.07962962962962963
1 0.6385416666666667 0.43425925925925923 0.021875 0.05740740740740741
1 0.33984375 0.7518518518518519 0.024479166666666666 0.06111111111111111
1 0.4583333333333333 0.9513888888888888 0.023958333333333335 0.09166666666666666
1 0.7356770833333334 0.40694444444444444 0.0359375 0.03611111111111111
1 0.35572916666666665 0.4166666666666667 0.026041666666666668 0.04814814814814815
1 0.5125 0.4513888888888889 0.020833333333333332 0.058333333333333334
1 0.01875 0.5175925925925926 0.036458333333333336 0.05185185185185185
1 0.5713541666666667 0.4587962962962963 0.020833333333333332 0.06574074074074074
1 0.30130208333333336 0.4638888888888889 0.0203125 0.06851851851851852
1 0.29583333333333334 0.6138888888888889 0.023958333333333335 0.05185185185185185
1 0.4276041666666667 0.4078703703703704 0.023958333333333335 0.04351851851851852
1 0.009895833333333333 0.412962962962963 0.01875 0.08148148148148149
1 0.3802083333333333 0.41435185185185186 0.022916666666666665 0.032407407407407406
1 0.47239583333333335 0.6689814814814815 0.0125 0.030555555555555555