1 0.8572916666666667 0.6180555555555556 0.028125 0.08611111111111111
1 0.4622395833333333 0.6013888888888889 0.024479166666666666 0.07314814814814814
1 0.43359375 0.5712962962962963 0.0265625 0.05925925925925926
1 0.3684895833333333 0.7550925925925925 0.028645833333333332 0.07314814814814814
1 0.24114583333333334 0.537962962962963 0.025 0.05925925925925926
1 0.5283854166666667 0.5222222222222223 0.025520833333333333 0.053703703703703705
1 0.6846354166666667 0.46111111111111114 0.027604166666666666 0.05185185185185185
1 0.6036458333333333 0.4615740740740741 0.020833333333333332 0.06018518518518518
1 0.34375 0.4115740740740741 0.03958333333333333 0.03425925925925926
1 0.49453125 0.43194444444444446 0.025520833333333333 0.06944444444444445
1 0.6841145833333333 0.9722222222222222 0.025520833333333333 0.05555555555555555
1 0.42734375 0.8953703703703704 0.0171875 0.024074074074074074