1 0.1171875 0.9550925925925926 0.04375 0.08796296296296297
1 0.41432291666666665 0.4300925925925926 0.025520833333333333 0.0712962962962963
1 0.5161458333333333 0.8268518518518518 0.026041666666666668 0.08518518518518518
1 0.284375 0.4203703703703704 0.028125 0.046296296296296294
1 0.46588541666666666 0.5421296296296296 0.027604166666666666 0.06759259259259259
1 0.50234375 0.4185185185185185 0.030729166666666665 0.03518518518518519
1 0.35104166666666664 0.4300925925925926 0.025 0.05462962962962963
1 0.6505208333333333 0.4166666666666667 0.036458333333333336 0.03333333333333333
1 0.7052083333333333 0.8689814814814815 0.022916666666666665 0.05277777777777778
1 0.5916666666666667 0.4162037037037037 0.022916666666666665 0.026851851851851852
1 0.5502604166666667 0.9685185185185186 0.0421875 0.053703703703703705