1 0.5153645833333333 0.6560185185185186 0.0234375 0.08981481481481482
1 0.5171875 0.5583333333333333 0.022916666666666665 0.06481481481481481
1 0.7854166666666667 0.4842592592592593 0.03854166666666667 0.06111111111111111
1 0.6494791666666667 0.4305555555555556 0.023958333333333335 0.05740740740740741
1 0.54765625 0.43796296296296294 0.024479166666666666 0.05925925925925926
1 0.47109375 0.8046296296296296 0.0234375 0.08518518518518518
1 0.5716145833333334 0.4305555555555556 0.021354166666666667 0.05925925925925926
1 0.7213541666666666 0.8791666666666667 0.023958333333333335 0.0824074074074074
1 0.49947916666666664 0.43425925925925923 0.03333333333333333 0.046296296296296294
1 0.8690104166666667 0.4324074074074074 0.033854166666666664 0.037037037037037035
1 0.33307291666666666 0.4074074074074074 0.022395833333333334 0.02962962962962963
1 0.175 0.3143518518518518 0.022916666666666665 0.06759259259259259