1 0.28932291666666665 0.8361111111111111 0.024479166666666666 0.06111111111111111
1 0.5 0.7953703703703704 0.023958333333333335 0.053703703703703705
1 0.21640625 0.5740740740740741 0.03177083333333333 0.05925925925925926
1 0.35182291666666665 0.8925925925925926 0.0234375 0.07407407407407407
1 0.46875 0.7814814814814814 0.022916666666666665 0.1
1 0.42630208333333336 0.47962962962962963 0.027604166666666666 0.05
1 0.90078125 0.43472222222222223 0.0359375 0.03796296296296296
1 0.3502604166666667 0.45925925925925926 0.0296875 0.05555555555555555
1 0.9658854166666667 0.8430555555555556 0.021354166666666667 0.06759259259259259
1 0.42578125 0.4078703703703704 0.0265625 0.023148148148148147
1 0.4109375 0.4810185185185185 0.020833333333333332 0.06018518518518518