1 0.22395833333333334 0.9222222222222223 0.040625 0.06111111111111111
1 0.5244791666666667 0.44305555555555554 0.0203125 0.06481481481481481
1 0.44166666666666665 0.524537037037037 0.026041666666666668 0.06481481481481481
1 0.40286458333333336 0.8824074074074074 0.022395833333333334 0.062037037037037036
1 0.6486979166666667 0.4351851851851852 0.021354166666666667 0.05925925925925926
1 0.559375 0.5143518518518518 0.025520833333333333 0.06666666666666667
1 0.15572916666666667 0.5157407407407407 0.030729166666666665 0.075
1 0.8768229166666667 0.4351851851851852 0.030729166666666665 0.03611111111111111
1 0.3302083333333333 0.4101851851851852 0.024479166666666666 0.03425925925925926
1 0.14661458333333333 0.9819444444444444 0.0296875 0.03518518518518519
1 0.16614583333333333 0.8462962962962963 0.027604166666666666 0.05462962962962963