1 0.6513020833333333 0.8972222222222223 0.03697916666666667 0.07962962962962963
1 0.9619791666666667 0.8023148148148148 0.03125 0.08611111111111111
1 0.59375 0.750462962962963 0.020833333333333332 0.06574074074074074
1 0.6341145833333334 0.6106481481481482 0.021354166666666667 0.062037037037037036
1 0.5161458333333333 0.825462962962963 0.015625 0.05462962962962963
1 0.42864583333333334 0.7097222222222223 0.030208333333333334 0.058333333333333334
1 0.51328125 0.44074074074074077 0.022395833333333334 0.05555555555555555
1 0.7856770833333333 0.5819444444444445 0.025520833333333333 0.06574074074074074
1 0.19635416666666666 0.5212962962962963 0.028125 0.06296296296296296
1 0.2986979166666667 0.5060185185185185 0.0203125 0.06759259259259259
1 0.44088541666666664 0.42592592592592593 0.0203125 0.03518518518518519
1 0.22057291666666667 0.9023148148148148 0.03802083333333333 0.06388888888888888
1 0.159375 0.9842592592592593 0.030208333333333334 0.03148148148148148