1 0.8078125 0.7574074074074074 0.017708333333333333 0.05740740740740741
1 0.70078125 0.7435185185185185 0.018229166666666668 0.06481481481481481
1 0.49114583333333334 0.5680555555555555 0.022916666666666665 0.06759259259259259
1 0.7182291666666667 0.40879629629629627 0.034375 0.032407407407407406
1 0.27317708333333335 0.47175925925925927 0.027604166666666666 0.05648148148148148
1 0.5203125 0.5861111111111111 0.023958333333333335 0.06851851851851852
1 0.5268229166666667 0.42916666666666664 0.021354166666666667 0.06388888888888888
1 0.38203125 0.4083333333333333 0.0171875 0.027777777777777776
1 0.3541666666666667 0.4476851851851852 0.021875 0.06018518518518518
1 0.40625 0.4083333333333333 0.019791666666666666 0.022222222222222223
1 0.47708333333333336 0.5763888888888888 0.01875 0.06759259259259259
1 0.45729166666666665 0.41203703703703703 0.023958333333333335 0.024074074074074074
1 0.346875 0.9731481481481481 0.027083333333333334 0.053703703703703705
1 0.3184895833333333 0.674074074074074 0.015104166666666667 0.05555555555555555