1 0.86484375 0.4532407407407407 0.0421875 0.0824074074074074
1 0.228125 0.575925925925926 0.026041666666666668 0.05925925925925926
1 0.7934895833333333 0.4222222222222222 0.034895833333333334 0.03518518518518519
1 0.3463541666666667 0.4486111111111111 0.017708333333333333 0.06018518518518518
1 0.6494791666666667 0.42916666666666664 0.036458333333333336 0.04537037037037037
1 0.34479166666666666 0.3861111111111111 0.019791666666666666 0.06296296296296296
1 0.5424479166666667 0.4324074074074074 0.0234375 0.06481481481481481
1 0.5091145833333334 0.4222222222222222 0.0234375 0.04259259259259259
1 0.3234375 0.4217592592592593 0.021875 0.058333333333333334
1 0.07239583333333334 0.8356481481481481 0.03125 0.058333333333333334
1 0.005208333333333333 0.7800925925925926 0.009375 0.06388888888888888