1 0.21328125 0.888425925925926 0.0328125 0.08981481481481482
1 0.43359375 0.6199074074074075 0.030729166666666665 0.06759259259259259
1 0.25078125 0.8800925925925925 0.0296875 0.07685185185185185
1 0.29296875 0.7185185185185186 0.0359375 0.03888888888888889
1 0.6744791666666666 0.8083333333333333 0.022916666666666665 0.08888888888888889
1 0.5966145833333333 0.6416666666666667 0.022395833333333334 0.07407407407407407
1 0.4510416666666667 0.42407407407407405 0.022916666666666665 0.04814814814814815
1 0.2791666666666667 0.40925925925925927 0.021875 0.03518518518518519
1 0.09296875 0.9212962962962963 0.0265625 0.08333333333333333
1 0.26015625 0.95 0.0296875 0.027777777777777776
1 0.56953125 0.8888888888888888 0.024479166666666666 0.024074074074074074