1 0.5872395833333334 0.41064814814814815 0.021875 0.07037037037037037
1 0.62109375 0.7398148148148148 0.023958333333333335 0.06666666666666667
1 0.53203125 0.4398148148148148 0.022916666666666665 0.05092592592592592
1 0.5276041666666667 0.5194444444444445 0.027604166666666666 0.05
1 0.49921875 0.4388888888888889 0.021354166666666667 0.05185185185185185
1 0.28515625 0.425 0.019791666666666666 0.03888888888888889
1 0.3997395833333333 0.44212962962962965 0.026041666666666668 0.05185185185185185
1 0.5041666666666667 0.5106481481481482 0.0234375 0.062037037037037036
1 0.35546875 0.4703703703703704 0.022916666666666665 0.06296296296296296
1 0.2713541666666667 0.8185185185185185 0.03802083333333333 0.03148148148148148
1 0.51484375 0.9555555555555556 0.0203125 0.062037037037037036
1 0.7265625 0.7537037037037037 0.01875 0.04259259259259259