1 0.5572916666666666 0.6671296296296296 0.04895833333333333 0.07685185185185185
1 0.03359375 0.6810185185185185 0.0359375 0.06018518518518518
1 0.29973958333333334 0.4550925925925926 0.0328125 0.04351851851851852
1 0.24375 0.475 0.027083333333333334 0.053703703703703705
1 0.5911458333333334 0.9671296296296297 0.019791666666666666 0.06574074074074074
1 0.5361979166666667 0.7268518518518519 0.0203125 0.07222222222222222
1 0.6778645833333333 0.399537037037037 0.0296875 0.06018518518518518
1 0.4317708333333333 0.8638888888888889 0.019791666666666666 0.07777777777777778
1 0.6690104166666667 0.8388888888888889 0.021354166666666667 0.07407407407407407
1 0.4083333333333333 0.42962962962962964 0.022916666666666665 0.06111111111111111
1 0.57578125 0.41944444444444445 0.021354166666666667 0.024074074074074074
1 0.8299479166666667 0.9435185185185185 0.030729166666666665 0.040740740740740744