1 0.6393229166666666 0.8597222222222223 0.0296875 0.06388888888888888
1 0.29791666666666666 0.9328703703703703 0.028125 0.08796296296296297
1 0.56875 0.7449074074074075 0.022916666666666665 0.07314814814814814
1 0.27838541666666666 0.7180555555555556 0.019270833333333334 0.0712962962962963
1 0.2125 0.5550925925925926 0.027083333333333334 0.06018518518518518
1 0.5028645833333333 0.837037037037037 0.021354166666666667 0.06851851851851852
1 0.34661458333333334 0.5046296296296297 0.027604166666666666 0.06666666666666667
1 0.4822916666666667 0.7384259259259259 0.022916666666666665 0.06388888888888888
1 0.51484375 0.5287037037037037 0.019270833333333334 0.06666666666666667
1 0.453125 0.6333333333333333 0.03125 0.044444444444444446
1 0.013541666666666667 0.7425925925925926 0.026041666666666668 0.05740740740740741