1 0.3151041666666667 0.49675925925925923 0.034375 0.06018518518518518
1 0.5377604166666666 0.5106481481481482 0.0171875 0.06759259259259259
1 0.6200520833333333 0.5986111111111111 0.025520833333333333 0.08796296296296297
1 0.6776041666666667 0.7379629629629629 0.021875 0.06111111111111111
1 0.5078125 0.5055555555555555 0.01875 0.06481481481481481
1 0.35104166666666664 0.6731481481481482 0.019791666666666666 0.06481481481481481
1 0.27109375 0.4462962962962963 0.0296875 0.05740740740740741
1 0.45598958333333334 0.6314814814814815 0.0234375 0.06666666666666667
1 0.3796875 0.48842592592592593 0.023958333333333335 0.05462962962962963
1 0.14114583333333333 0.45046296296296295 0.029166666666666667 0.058333333333333334
1 0.5333333333333333 0.575 0.035416666666666666 0.03518518518518519
1 0.9765625 0.8925925925925926 0.015625 0.06296296296296296
1 0.9359375 0.9175925925925926 0.030208333333333334 0.027777777777777776