1 0.32864583333333336 0.42824074074074076 0.026041666666666668 0.04722222222222222
1 0.4640625 0.9277777777777778 0.025 0.07407407407407407
1 0.019010416666666665 0.5092592592592593 0.0265625 0.06851851851851852
1 0.41848958333333336 0.3560185185185185 0.033854166666666664 0.03981481481481482
1 0.5026041666666666 0.4773148148148148 0.020833333333333332 0.05092592592592592
1 0.40260416666666665 0.43333333333333335 0.020833333333333332 0.06481481481481481
1 0.7669270833333334 0.4083333333333333 0.034895833333333334 0.040740740740740744
1 0.7567708333333333 0.7675925925925926 0.027083333333333334 0.02962962962962963
1 0.3489583333333333 0.4236111111111111 0.020833333333333332 0.062037037037037036
1 0.17682291666666666 0.9328703703703703 0.04635416666666667 0.05648148148148148
1 0.3255208333333333 0.4097222222222222 0.015625 0.028703703703703703