1 0.371875 0.812037037037037 0.03125 0.05740740740740741
1 0.31953125 0.562962962962963 0.027604166666666666 0.06111111111111111
1 0.6203125 0.6976851851851852 0.023958333333333335 0.06388888888888888
1 0.4375 0.41805555555555557 0.021875 0.041666666666666664
1 0.20442708333333334 0.43148148148148147 0.0328125 0.053703703703703705
1 0.43385416666666665 0.7662037037037037 0.034375 0.07314814814814814
1 0.48359375 0.7351851851851852 0.0234375 0.05740740740740741
1 0.453125 0.7236111111111111 0.030208333333333334 0.10833333333333334
1 0.32890625 0.41388888888888886 0.025520833333333333 0.06111111111111111
1 0.5458333333333333 0.4115740740740741 0.026041666666666668 0.025
1 0.8942708333333333 0.4486111111111111 0.036458333333333336 0.03425925925925926
1 0.159375 0.9800925925925926 0.041666666666666664 0.03981481481481482
1 0.41171875 0.4074074074074074 0.021354166666666667 0.022222222222222223
1 0.40989583333333335 0.9856481481481482 0.03125 0.028703703703703703