1 0.42421875 0.6916666666666667 0.03958333333333333 0.062037037037037036
1 0.5752604166666667 0.6333333333333333 0.027604166666666666 0.06574074074074074
1 0.7453125 0.8708333333333333 0.025520833333333333 0.06944444444444445
1 0.07473958333333333 0.9393518518518519 0.04114583333333333 0.09074074074074075
1 0.603125 0.6157407407407407 0.01875 0.05740740740740741
1 0.3875 0.44675925925925924 0.025520833333333333 0.05925925925925926
1 0.5888020833333333 0.5152777777777777 0.0234375 0.05277777777777778
1 0.51171875 0.42962962962962964 0.022395833333333334 0.037037037037037035
1 0.6122395833333333 0.4675925925925926 0.017708333333333333 0.06018518518518518
1 0.2947916666666667 0.40555555555555556 0.027083333333333334 0.05277777777777778
1 0.6145833333333334 0.5819444444444445 0.021354166666666667 0.06944444444444445