1 0.45026041666666666 0.7143518518518519 0.03177083333333333 0.1287037037037037
1 0.76640625 0.8300925925925926 0.0328125 0.0712962962962963
1 0.3106770833333333 0.4273148148148148 0.027604166666666666 0.04537037037037037
1 0.6723958333333333 0.7185185185185186 0.01875 0.06666666666666667
1 0.35572916666666665 0.4273148148148148 0.028125 0.04351851851851852
1 0.7276041666666667 0.6736111111111112 0.01875 0.06574074074074074
1 0.16119791666666666 0.6291666666666667 0.0234375 0.06388888888888888
1 0.171875 0.4305555555555556 0.034375 0.044444444444444446
1 0.5104166666666666 0.45416666666666666 0.021875 0.062037037037037036
1 0.47317708333333336 0.6046296296296296 0.022395833333333334 0.07222222222222222
1 0.6755208333333333 0.9254629629629629 0.020833333333333332 0.075
1 0.8669270833333333 0.9282407407407407 0.0328125 0.041666666666666664
1 0.27265625 0.4634259259259259 0.018229166666666668 0.062037037037037036
1 0.5125 0.8462962962962963 0.03854166666666667 0.046296296296296294
1 0.7239583333333334 0.9523148148148148 0.022916666666666665 0.04537037037037037