1 0.16145833333333334 0.6541666666666667 0.04479166666666667 0.08611111111111111
1 0.91328125 0.5680555555555555 0.034895833333333334 0.10092592592592593
1 0.5700520833333333 0.8208333333333333 0.0453125 0.062037037037037036
1 0.65234375 0.6518518518518519 0.0296875 0.04259259259259259
1 0.78046875 0.9356481481481481 0.0203125 0.0712962962962963
1 0.50078125 0.8314814814814815 0.028645833333333332 0.05185185185185185
1 0.4283854166666667 0.46435185185185185 0.025520833333333333 0.06388888888888888
1 0.6888020833333334 0.5888888888888889 0.024479166666666666 0.06851851851851852
1 0.4861979166666667 0.42314814814814816 0.0203125 0.03333333333333333
1 0.17760416666666667 0.4634259259259259 0.029166666666666667 0.04722222222222222
1 0.484375 0.7777777777777778 0.030208333333333334 0.07037037037037037
1 0.2760416666666667 0.4486111111111111 0.025 0.06388888888888888
1 0.3234375 0.4152777777777778 0.01875 0.026851851851851852
1 0.5153645833333333 0.41759259259259257 0.0328125 0.018518518518518517