0 0.5409259259259259 0.5775 0.20301851851851851 0.45180555555555557
1 0.15555555555555556 0.4861111111111111 0.1537037037037037 0.5055555555555555 0.17592592592592593 0.5305555555555556 0.22962962962962963 0.5333333333333333 0.23703703703703705 0.5888888888888889 0.2611111111111111 0.5833333333333334 0.29074074074074074 0.5361111111111111 0.31851851851851853 0.5194444444444445 0.3277777777777778 0.5277777777777778 0.35555555555555557 0.49722222222222223 0.34629629629629627 0.4444444444444444 0.30925925925925923 0.4388888888888889 0.29259259259259257 0.4222222222222222 0.2740740740740741 0.44166666666666665 0.2388888888888889 0.43333333333333335 0.18888888888888888 0.44722222222222224
1 0.2740740740740741 0.20833333333333334 0.2962962962962963 0.26666666666666666 0.2722222222222222 0.3861111111111111 0.29074074074074074 0.3861111111111111 0.31666666666666665 0.3472222222222222 0.34814814814814815 0.42777777777777776 0.3685185185185185 0.44722222222222224 0.387037037037037 0.4444444444444444 0.39444444444444443 0.42777777777777776 0.3888888888888889 0.3611111111111111 0.40185185185185185 0.33611111111111114 0.412962962962963 0.3472222222222222 0.42777777777777776 0.34444444444444444 0.42777777777777776 0.325 0.4148148148148148 0.31666666666666665 0.4111111111111111 0.29444444444444445 0.35 0.23333333333333334 0.34074074074074073 0.175 0.3037037037037037 0.175
1 0.11851851851851852 0.26944444444444443 0.10555555555555556 0.3527777777777778 0.07407407407407407 0.4166666666666667 0.07777777777777778 0.46944444444444444 0.11666666666666667 0.4722222222222222 0.13148148148148148 0.45555555555555555 0.16111111111111112 0.45555555555555555 0.16111111111111112 0.4111111111111111 0.22037037037037038 0.36944444444444446 0.24074074074074073 0.3333333333333333 0.23703703703703705 0.3 0.2222222222222222 0.2833333333333333 0.19074074074074074 0.275 0.15185185185185185 0.2916666666666667 0.13333333333333333 0.24166666666666667
1 0.37962962962962965 0.16666666666666666 0.3814814814814815 0.21944444444444444 0.4074074074074074 0.28055555555555556 0.42962962962962964 0.375 0.44814814814814813 0.3888888888888889 0.4648148148148148 0.38055555555555554 0.48333333333333334 0.3194444444444444 0.4759259259259259 0.2916666666666667 0.46296296296296297 0.2833333333333333 0.4462962962962963 0.19444444444444445 0.4166666666666667 0.12777777777777777 0.40185185185185185 0.14166666666666666 0.3907407407407407 0.1388888888888889
1 0.037037037037037035 0.6388888888888888 0.02962962962962963 0.6694444444444444 0.04259259259259259 0.7111111111111111 0.06481481481481481 0.7055555555555556 0.1111111111111111 0.7194444444444444 0.16111111111111112 0.7361111111111112 0.17037037037037037 0.75 0.18888888888888888 0.7444444444444445 0.2037037037037037 0.7194444444444444 0.17777777777777778 0.675 0.12962962962962962 0.6611111111111111 0.08703703703703704 0.6277777777777778 0.05 0.625
1 0.1111111111111111 0.8861111111111111 0.10740740740740741 0.9555555555555556 0.12407407407407407 0.9833333333333333 0.16666666666666666 0.975 0.17407407407407408 0.9972222222222222 0.18888888888888888 0.9972222222222222 0.2037037037037037 0.9555555555555556 0.20925925925925926 0.8861111111111111 0.2222222222222222 0.8361111111111111 0.2462962962962963 0.7944444444444444 0.24074074074074073 0.75 0.2 0.7277777777777777 0.13148148148148148 0.8333333333333334
1 0.3425925925925926 0.8277777777777777 0.337037037037037 0.85 0.32407407407407407 0.8611111111111112 0.3333333333333333 0.9055555555555556 0.3425925925925926 0.9222222222222223 0.37777777777777777 0.9333333333333333 0.4222222222222222 0.9166666666666666 0.42777777777777776 0.9305555555555556 0.45740740740740743 0.8888888888888888 0.47962962962962963 0.8972222222222223 0.48703703703703705 0.875 0.5018518518518519 0.8638888888888889 0.5055555555555555 0.8444444444444444 0.4888888888888889 0.8
1 0.6099629629629629 0.9196111111111112 0.16353703703703704 0.16080555555555556
1 0.7347407407407407 0.7300833333333333 0.18292592592592594 0.18877777777777777
1 0.8265555555555555 0.8441666666666666 0.20909259259259258 0.1262222222222222
1 0.852962962962963 0.9495833333333334 0.2182962962962963 0.10083333333333333
1 0.7381296296296296 0.5001111111111111 0.18244444444444444 0.1286111111111111
1 0.5887592592592593 0.1683611111111111 0.09933333333333333 0.31555555555555553
1 0.5090370370370371 0.20469444444444443 0.11920370370370371 0.27194444444444443
1 0.8051111111111111 0.1603888888888889 0.13955555555555554 0.27052777777777776
1 0.7441851851851852 0.2515833333333333 0.11218518518518518 0.2857222222222222
1 0.8486111111111111 0.46119444444444446 0.12235185185185184 0.2761388888888889
1 0.9482222222222222 0.5471388888888888 0.10353703703703702 0.2699166666666667
1 0.9567037037037037 0.816 0.08657407407407407 0.24066666666666667
1 0.9706481481481481 0.23450000000000001 0.058722222222222224 0.3169722222222222
1 0.20485185185185187 0.09433333333333334 0.07244444444444444 0.18866666666666668
1 0.12477777777777777 0.10705555555555556 0.0945 0.2141111111111111
1 0.3965 0.5373333333333333 0.1495 0.2285
1 0.35750000000000004 0.7002777777777778 0.24253703703703702 0.15827777777777777
1 0.17881481481481482 0.6010833333333333 0.1734814814814815 0.19974999999999998