0 0.6283534136546185 0.4549009900990099 0.3731726907630522 0.1975247524752475
1 0.3566666666666667 0.12495049504950494 0.18506024096385543 0.24990099009900987
1 0.5035341365461847 0.14356435643564355 0.12357429718875503 0.28717821782178216
1 0.3921686746987952 0.397970297029703 0.13377510040160642 0.3084158415841584
1 0.2391164658634538 0.5951485148514851 0.15076305220883535 0.2732673267326733
1 0.1960240963855422 0.8275742574257425 0.13562248995983936 0.3077227722772277
1 0.32052208835341367 0.8587623762376237 0.13622489959839357 0.28252475247524755
1 0.5138955823293172 0.7261386138613861 0.18626506024096387 0.3036138613861386
1 0.4059437751004016 0.6368811881188119 0.2125301204819277 0.20504950495049507
1 0.08265060240963855 0.5934653465346534 0.1652610441767068 0.2888613861386139
1 0.6322088353413654 0.12643564356435644 0.15353413654618472 0.2529207920792079
1 0.9099598393574297 0.308019801980198 0.1380722891566265 0.3276732673267327
1 0.10891566265060242 0.06455445544554456 0.21779116465863452 0.12915841584158416
1 0.8415261044176706 0.6401980198019802 0.18907630522088353 0.2917326732673267
1 0.6947791164658634 0.6072277227722772 0.21686746987951808 0.18623762376237624