0 0.5374181818181818 0.4686338797814208 0.30996363636363633 0.1751912568306011
1 0.2668363636363636 0.2978688524590164 0.14494545454545454 0.2154098360655738
1 0.39349090909090906 0.756448087431694 0.10432727272727273 0.3226775956284153
1 0.4900363636363636 0.8540983606557377 0.11989090909090909 0.29185792349726775
1 0.5587636363636364 0.6854098360655738 0.07672727272727273 0.3201092896174863
1 0.7490909090909091 0.5895628415300547 0.14945454545454545 0.3431147540983607
1 0.8638181818181818 0.33469945355191255 0.15272727272727274 0.24420765027322403
1 0.7399272727272727 0.15989071038251368 0.1156 0.27142076502732243
1 0.5054545454545455 0.11786885245901639 0.14320000000000002 0.22890710382513663
1 0.1991272727272727 0.7992349726775956 0.19010909090909092 0.14065573770491802
1 0.7435636363636363 0.9185245901639344 0.1645090909090909 0.16295081967213115
1 0.9015636363636363 0.7694535519125684 0.17152727272727272 0.2544808743169399
1 0.8889090909090909 0.49010928961748634 0.17880000000000001 0.22562841530054645