0 0.5213653136531365 0.46139784946236556 0.19398523985239852 0.38198924731182793
1 0.2640959409594096 0.11516129032258066 0.21719557195571956 0.1963978494623656
1 0.7497416974169742 0.7844623655913978 0.13151291512915128 0.3253225806451613
1 0.619409594095941 0.18478494623655914 0.23195571955719557 0.30881720430107523
1 0.1974169741697417 0.6652688172043011 0.14180811808118082 0.3211827956989247
1 0.34608856088560885 0.6779569892473118 0.2387822878228782 0.15456989247311828
1 0.47062730627306276 0.910752688172043 0.08461254612546125 0.1785483870967742
1 0.839889298892989 0.6168817204301075 0.22745387453874538 0.22446236559139784
1 0.873210332103321 0.3429569892473118 0.11228782287822878 0.3947311827956989
1 0.9612546125461254 0.38768817204301076 0.07749077490774908 0.44962365591397846
1 0.09568265682656826 0.32225806451612904 0.1070110701107011 0.3379032258064516
1 0.22376383763837637 0.48370967741935483 0.2366789667896679 0.15010752688172044
1 0.3160147601476015 0.27026881720430107 0.2219188191881919 0.10720430107526882
1 0.2225830258302583 0.33784946236559144 0.20586715867158673 0.12623655913978496