1 0.04707547169811321 0.2619496855345912 0.06556603773584906 0.24245283018867922
1 0.11320754716981132 0.39855345911949686 0.07204402515723271 0.22220125786163522
1 0.2541509433962264 0.680125786163522 0.07374213836477987 0.21364779874213835
1 0.335251572327044 0.7328930817610063 0.06251572327044025 0.25433962264150944
1 0.4244339622641509 0.9210062893081761 0.11128930817610064 0.1579245283018868
1 0.4627358490566038 0.7820754716981132 0.05449685534591194 0.23836477987421384
1 0.5623270440251572 0.8066666666666666 0.07641509433962264 0.2532075471698113
1 0.7293710691823899 0.8375471698113207 0.10367924528301886 0.2158490566037736
1 0.8369496855345911 0.8043396226415095 0.10996855345911949 0.2181132075471698
1 0.8352515723270441 0.4724528301886793 0.1019496855345912 0.21754716981132077
1 0.9300628930817609 0.35647798742138365 0.12386792452830189 0.12660377358490565
1 0.9455974842767295 0.4918867924528301 0.07374213836477987 0.26402515723270437
1 0.864685534591195 0.15220125786163521 0.09223270440251571 0.29742138364779874
1 0.7411949685534591 0.27716981132075474 0.06632075471698114 0.24245283018867922
1 0.6508490566037736 0.4724528301886793 0.053364779874213834 0.27855345911949686
1 0.5688050314465408 0.47477987421383644 0.06650943396226415 0.2526415094339623
1 0.5158176100628931 0.3977987421383648 0.05965408805031446 0.2664150943396226
1 0.5219182389937107 0.6774842767295597 0.04135220125786163 0.20069182389937107
1 0.47540880503144656 0.5648427672955975 0.07336477987421383 0.26132075471698113
1 0.4286163522012579 0.5311320754716982 0.07091194968553459 0.24345911949685536
1 0.42500000000000004 0.27163522012578617 0.07814465408805032 0.21999999999999997
1 0.2628301886792453 0.3489937106918239 0.05182389937106918 0.21459119496855344
1 0.19610062893081762 0.4805031446540881 0.07852201257861635 0.21069182389937108
1 0.14160377358490567 0.7580503144654088 0.09147798742138365 0.2010062893081761
1 0.3608805031446541 0.1371698113207547 0.13474842767295597 0.12635220125786165
1 0.3326729559748428 0.24540880503144655 0.11644654088050314 0.08358490566037735