1 0.41555555555555557 0.3950222222222222 0.16444444444444445 0.23884444444444444
1 0.18444444444444444 0.32208888888888887 0.25333333333333335 0.1744888888888889
1 0.7283555555555555 0.14271111111111112 0.2803555555555555 0.13053333333333333
1 0.6974222222222222 0.33875555555555553 0.22742222222222222 0.18555555555555556
1 0.12982222222222223 0.6499555555555556 0.10777777777777778 0.25608888888888887
1 0.2505777777777778 0.7773333333333333 0.11222222222222222 0.22937777777777776
1 0.3298222222222222 0.5675555555555556 0.13742222222222222 0.2284
1 0.41240000000000004 0.7201333333333333 0.2063111111111111 0.1483111111111111
1 0.4152 0.8574666666666667 0.12666666666666668 0.2378222222222222
1 0.5422222222222223 0.7451111111111112 0.10666666666666667 0.2612
1 0.7085333333333332 0.5398222222222222 0.22444444444444445 0.1358222222222222
1 0.13982222222222224 0.8772888888888888 0.15 0.20706666666666668
1 0.6948000000000001 0.7241777777777778 0.21035555555555555 0.14906666666666665
1 0.8494666666666666 0.8878222222222222 0.07297777777777778 0.22440000000000002
1 0.7340888888888888 0.8757777777777779 0.1318666666666667 0.24848888888888887
1 0.9518666666666666 0.9109333333333334 0.09631111111111113 0.17808888888888888
1 0.9207555555555555 0.7093777777777779 0.12297777777777778 0.2083111111111111