0 0.5880727272727273 0.578032786885246 0.18058181818181818 0.4444808743169399
1 0.36261818181818184 0.41437158469945357 0.156 0.28672131147540986
1 0.3750545454545455 0.11098360655737705 0.2033818181818182 0.2220218579234973
1 0.3066909090909091 0.5468306010928962 0.22970909090909092 0.11825136612021858
1 0.3622545454545455 0.6630601092896174 0.2129090909090909 0.16601092896174863
1 0.4426181818181818 0.8748087431693989 0.09229090909090909 0.2503825136612022
1 0.6140363636363637 0.8945901639344263 0.09603636363636364 0.21081967213114752
1 0.7582545454545455 0.8691803278688525 0.15723636363636365 0.26169398907103825
1 0.781309090909091 0.6905464480874317 0.2134181818181818 0.14415300546448087
1 0.8737454545454546 0.5389071038251366 0.1951272727272727 0.14010928961748634
1 0.8843272727272727 0.4162841530054645 0.23134545454545455 0.10213114754098361
1 0.8470181818181819 0.28590163934426227 0.19436363636363638 0.15797814207650274
1 0.7080727272727273 0.32584699453551913 0.22396363636363636 0.22273224043715845
1 0.7939636363636364 0.14387978142076502 0.2161818181818182 0.12262295081967214
1 0.9154181818181818 0.7741530054644808 0.16916363636363638 0.2480327868852459
1 0.9665818181818182 0.18087431693989073 0.06683636363636364 0.3159016393442623