0 0.4659057971014493 0.5222950819672131 0.13268115942028985 0.24256830601092896
1 0.5323550724637681 0.6189617486338798 0.13018115942028985 0.11557377049180327
1 0.5622101449275362 0.5383606557377049 0.12242753623188406 0.12010928961748635
1 0.552463768115942 0.3046448087431694 0.07797101449275362 0.21387978142076502
1 0.47637681159420286 0.3179781420765027 0.08572463768115943 0.19240437158469945
1 0.39503623188405795 0.28918032786885245 0.09894927536231883 0.18300546448087432
1 0.38355072463768114 0.4027868852459016 0.08996376811594202 0.1962295081967213
1 0.3146014492753623 0.3696174863387978 0.09793478260869566 0.1721311475409836
1 0.32409420289855073 0.4977049180327869 0.12894927536231884 0.09683060109289617
1 0.34206521739130435 0.6570491803278689 0.1389130434782609 0.14786885245901638
1 0.29934782608695654 0.5843169398907104 0.14344202898550726 0.08633879781420765
1 0.19452898550724637 0.4348087431693989 0.06572463768115942 0.20005464480874316
1 0.23311594202898553 0.23153005464480872 0.10293478260869565 0.19426229508196718
1 0.12804347826086956 0.21950819672131147 0.07869565217391304 0.1821857923497268
1 0.04634057971014492 0.29333333333333333 0.09271739130434782 0.2154098360655738
1 0.12655797101449276 0.48431693989071034 0.07170289855072463 0.17256830601092896
1 0.1956521739130435 0.7011475409836065 0.07996376811594202 0.21754098360655738
1 0.3055797101449276 0.9125136612021858 0.08394927536231885 0.17497267759562843
1 0.35384057971014493 0.8621311475409836 0.06547101449275362 0.19868852459016392
1 0.41130434782608694 0.8408743169398907 0.07047101449275361 0.20508196721311475
1 0.4411594202898551 0.7410382513661203 0.07271739130434783 0.19382513661202186
1 0.519855072463768 0.7395081967213115 0.11518115942028985 0.20590163934426228
1 0.602463768115942 0.8990710382513661 0.06797101449275363 0.18207650273224044
1 0.6319202898550724 0.6445901639344261 0.05695652173913044 0.1969398907103825
1 0.6885144927536232 0.6259562841530054 0.07771739130434782 0.20109289617486337
1 0.8294565217391304 0.4677049180327869 0.10971014492753624 0.20120218579234972
1 0.842463768115942 0.24125683060109288 0.09221014492753624 0.19606557377049183
1 0.15431159420289856 0.8620218579234973 0.10869565217391304 0.15961748633879783
1 0.21764492753623188 0.9320765027322404 0.06195652173913044 0.12497267759562843
1 0.19891304347826086 0.11721311475409836 0.10246376811594203 0.19453551912568307
1 0.51 0.15109289617486338 0.12692028985507248 0.20213114754098363
1 0.671304347826087 0.08557377049180329 0.08170289855072464 0.17114754098360657
1 0.7827173913043478 0.06721311475409837 0.12119565217391305 0.13442622950819674
1 0.9221739130434783 0.11693989071038251 0.06420289855072463 0.23382513661202187
1 0.8642028985507246 0.09131147540983607 0.07221014492753623 0.18262295081967214
1 0.9553985507246376 0.35945355191256834 0.08920289855072464 0.09448087431693988
1 0.8692028985507246 0.6793989071038251 0.06822463768115941 0.24775956284153008
1 0.8513405797101449 0.8646448087431693 0.09394927536231884 0.20404371584699454
1 0.7598550724637682 0.8099999999999999 0.09094202898550725 0.17316939890710384
1 0.38405797101449274 0.13918032786885245 0.10894927536231884 0.17726775956284152
1 0.05673913043478261 0.9416939890710383 0.06597826086956522 0.11661202185792349