0 0.5028625954198473 0.4341145833333333 0.37324427480916034 0.4778645833333333
1 0.15881679389312978 0.4050520833333333 0.3175954198473282 0.22348958333333332
1 0.29251908396946563 0.18770833333333334 0.20282442748091603 0.3754166666666667
1 0.14202290076335877 0.14760416666666668 0.25301526717557254 0.2586979166666667
1 0.7689312977099237 0.5840104166666666 0.1965648854961832 0.46557291666666667
1 0.8301526717557252 0.244375 0.2617175572519084 0.29182291666666665
1 0.9108396946564885 0.3924479166666666 0.1782824427480916 0.39458333333333334
1 0.9423282442748091 0.7751562500000001 0.11530534351145039 0.41635416666666664
1 0.6607251908396947 0.7671875 0.2036641221374046 0.366875
1 0.3675190839694657 0.77390625 0.1270610687022901 0.3802604166666667
1 0.13427480916030535 0.74640625 0.2685496183206107 0.34604166666666664