0 0.45416988416988413 0.48582474226804123 0.23335907335907335 0.4187113402061856
1 0.33664092664092665 0.2534020618556701 0.17903474903474903 0.2669587628865979
1 0.6954054054054054 0.4555154639175258 0.24223938223938224 0.17103092783505155
1 0.8096525096525096 0.7141237113402061 0.18362934362934363 0.2490721649484536
1 0.7016988416988418 0.7837628865979382 0.1822007722007722 0.3081958762886598
1 0.3719305019305019 0.8141237113402062 0.24281853281853283 0.1894845360824742
1 0.25868725868725867 0.752680412371134 0.1718918918918919 0.21164948453608248
1 0.20092664092664092 0.6198453608247423 0.13872586872586873 0.26670103092783504
1 0.0705019305019305 0.6406701030927835 0.09239382239382239 0.2739690721649484
1 0.18532818532818532 0.9341752577319588 0.19907335907335907 0.13170103092783506
1 0.1761776061776062 0.3809278350515464 0.16243243243243244 0.1706701030927835
1 0.9363706563706564 0.1938659793814433 0.12239382239382239 0.3616494845360825
1 0.8538610038610038 0.4818556701030928 0.14328185328185328 0.35345360824742267
1 0.6147490347490348 0.3251546391752577 0.17474903474903475 0.22721649484536083
1 0.690965250965251 0.10644329896907216 0.11212355212355211 0.2097938144329897