0 0.31929104477611936 0.4090425531914894 0.2921268656716418 0.27159574468085107
1 0.5707462686567164 0.32835106382978724 0.2539925373134328 0.1596276595744681
1 0.5547761194029851 0.13042553191489362 0.2364179104477612 0.2273404255319149
1 0.7618656716417911 0.18063829787234043 0.14044776119402985 0.2649468085106383
1 0.9040671641791045 0.32861702127659576 0.17164179104477612 0.2995744680851064
1 0.6036940298507463 0.5334042553191489 0.24787313432835822 0.2202659574468085
1 0.42723880597014924 0.7082978723404255 0.12951492537313433 0.2926595744680851
1 0.49082089552238806 0.8797872340425532 0.2492164179104478 0.24042553191489363
1 0.2733208955223881 0.7599468085106383 0.1537686567164179 0.36558510638297875
1 0.04705223880597015 0.5324468085106383 0.08608208955223881 0.35888297872340424
1 0.13914179104477611 0.6747340425531915 0.15350746268656718 0.18372340425531913
1 0.8848507462686567 0.7913297872340426 0.23026119402985076 0.2877127659574468
1 0.24041044776119405 0.1252127659574468 0.1748507462686567 0.2504255319148936