0 0.5359851301115242 0.43454545454545457 0.12133828996282528 0.10962566844919786
1 0.5828624535315985 0.2817647058823529 0.0637174721189591 0.17080213903743316
1 0.20672862453531599 0.16262032085561498 0.07884758364312268 0.19224598930481285
1 0.19 0.3039572192513369 0.08256505576208178 0.13871657754010697
1 0.4710408921933085 0.2311764705882353 0.05788104089219331 0.16508021390374333
1 0.7592936802973977 0.23288770053475935 0.10594795539033457 0.11887700534759359
1 0.769368029739777 0.446951871657754 0.08628252788104089 0.1611764705882353
1 0.6700743494423792 0.49524064171122995 0.12933085501858735 0.07064171122994653
1 0.6330483271375464 0.3829946524064171 0.07382899628252788 0.16689839572192514
1 0.7713754646840149 0.6391978609625668 0.10089219330855019 0.13695187165775402
1 0.9282899628252789 0.37877005347593584 0.090817843866171 0.18144385026737966
1 0.9633457249070632 0.2716577540106952 0.07327137546468401 0.18491978609625667
1 0.8932713754646839 0.13401069518716577 0.10568773234200743 0.12427807486631015
1 0.9573977695167287 0.6468449197860963 0.08524163568773234 0.1980748663101604
1 0.9374721189591079 0.8477005347593584 0.1171003717472119 0.08032085561497326
1 0.9360223048327138 0.9227272727272728 0.11152416356877323 0.10433155080213904
1 0.7566542750929368 0.8913903743315508 0.0687732342007435 0.17919786096256685
1 0.6881412639405204 0.8079679144385027 0.06985130111524163 0.16893048128342245
1 0.7421561338289963 0.731764705882353 0.05312267657992565 0.18080213903743317
1 0.6293308550185873 0.5876470588235294 0.07698884758364312 0.17898395721925134
1 0.5258736059479554 0.5590374331550803 0.09 0.12941176470588234
1 0.4450185873605948 0.5152941176470588 0.0791449814126394 0.12213903743315507
1 0.4384014869888476 0.41679144385026734 0.07223048327137546 0.169572192513369
1 0.3513011152416357 0.4858823529411765 0.1104460966542751 0.1076470588235294
1 0.2780297397769517 0.5979679144385026 0.12319702602230484 0.08508021390374332
1 0.27178438661710036 0.6781818181818181 0.12933085501858735 0.07737967914438502
1 0.4187360594795539 0.7382887700534759 0.11788104089219331 0.14032085561497326
1 0.4456877323420074 0.6470053475935829 0.08947955390334572 0.16406417112299465
1 0.45219330855018586 0.8461497326203208 0.09133828996282528 0.15363636363636363
1 0.3988475836431227 0.9150802139037434 0.08762081784386618 0.1562566844919786
1 0.5843122676579926 0.8595187165775401 0.11178438661710037 0.1727272727272727
1 0.6275836431226766 0.7279679144385026 0.12561338289962826 0.11208556149732621
1 0.5366542750929368 0.7260427807486631 0.08814126394052045 0.16176470588235295
1 0.6510780669144981 0.1290374331550802 0.1237546468401487 0.10978609625668449
1 0.569553903345725 0.08112299465240641 0.10089219330855019 0.08652406417112299
1 0.4795539033457249 0.1044385026737968 0.11736059479553904 0.0918716577540107