0 0.48967272727272726 0.4637158469945355 0.3974909090909091 0.36278688524590164
1 0.8360363636363636 0.47748633879781416 0.3278909090909091 0.20568306010928963
1 0.3614909090909091 0.14775956284153005 0.28716363636363634 0.2955191256830601
1 0.5971272727272727 0.12229508196721312 0.1324 0.2446448087431694
1 0.7622545454545455 0.14491803278688525 0.16374545454545456 0.2898360655737705
1 0.8235636363636363 0.24240437158469946 0.25127272727272726 0.293224043715847
1 0.9620727272727273 0.17120218579234972 0.07585454545454545 0.2789617486338798
1 0.23560000000000003 0.443551912568306 0.1652727272727273 0.36393442622950817
1 0.4742181818181818 0.8146994535519125 0.2638181818181818 0.20923497267759564
1 0.7137454545454546 0.7289617486338799 0.2562909090909091 0.32043715846994536
1 0.2717090909090909 0.721584699453552 0.2540363636363636 0.3057377049180328
1 0.12363636363636364 0.8795081967213114 0.24476363636363638 0.2409289617486339