0 0.5540344827586207 0.5717816091954022 0.18162068965517242 0.46224137931034487
1 0.33862068965517245 0.29333333333333333 0.16 0.3268390804597701
1 0.15162068965517242 0.34086206896551724 0.17955172413793102 0.2532758620689655
1 0.25817241379310346 0.4783908045977011 0.2307931034482759 0.152816091954023
1 0.41162068965517246 0.5183908045977011 0.17906896551724139 0.22902298850574712
1 0.739551724137931 0.4908045977011495 0.17837931034482757 0.14321839080459772
1 0.8544827586206897 0.4440804597701149 0.11586206896551725 0.32557471264367815
1 0.9523103448275863 0.8571264367816092 0.09541379310344829 0.28574712643678163
1 0.8273448275862069 0.8688505747126437 0.2363103448275862 0.15603448275862067
1 0.7442413793103448 0.754367816091954 0.19655172413793104 0.19511494252873565
1 0.9545862068965517 0.5442528735632184 0.09079310344827586 0.28454022988505745
1 0.9632068965517241 0.1939655172413793 0.07355172413793103 0.338735632183908
1 0.8119655172413793 0.13339080459770117 0.13655172413793104 0.2668390804597701
1 0.7456206896551724 0.21310344827586206 0.13493103448275862 0.3157471264367816
1 0.6512758620689655 0.30195402298850577 0.1066551724137931 0.2942528735632184
1 0.5928620689655173 0.1510344827586207 0.08920689655172415 0.3020689655172414
1 0.5183793103448276 0.19224137931034485 0.09655172413793103 0.3085057471264368
1 0.4452758620689655 0.20333333333333334 0.1250689655172414 0.30770114942528737
1 0.17310344827586208 0.6189080459770114 0.16920689655172413 0.18109195402298853
1 0.12389655172413792 0.720632183908046 0.14437931034482757 0.17373563218390806
1 0.17782758620689657 0.8820114942528735 0.19148275862068967 0.23597701149425288
1 0.41286206896551725 0.8899425287356322 0.2110344827586207 0.17517241379310344