0 0.5182545454545455 0.44999999999999996 0.18934545454545454 0.37218579234972676
1 0.20327272727272727 0.24054644808743172 0.21541818181818181 0.19153005464480874
1 0.6732363636363636 0.1820218579234973 0.20287272727272726 0.20666666666666667
1 0.9269454545454545 0.21469945355191256 0.14607272727272727 0.32453551912568307
1 0.9438909090909091 0.4878142076502732 0.11221818181818181 0.3055191256830601
1 0.9109090909090909 0.6528415300546448 0.1781818181818182 0.21049180327868855
1 0.7987636363636363 0.7689071038251366 0.10032727272727272 0.27972677595628415
1 0.8278545454545454 0.473551912568306 0.18658181818181818 0.19852459016393442
1 0.7477090909090909 0.363551912568306 0.19636363636363635 0.15639344262295082
1 0.7457090909090909 0.22644808743169398 0.2024 0.1569398907103825
1 0.5107272727272727 0.13721311475409836 0.12614545454545453 0.27437158469945355
1 0.4369818181818182 0.19715846994535519 0.13167272727272727 0.3233879781420765
1 0.43625454545454545 0.7575956284153005 0.07498181818181819 0.3626229508196721
1 0.5123636363636364 0.7809289617486339 0.07923636363636363 0.3791803278688525
1 0.5969818181818182 0.8503278688524591 0.12061818181818182 0.299344262295082
1 0.6131636363636364 0.6641530054644809 0.1605090909090909 0.2963934426229508
1 0.6861454545454545 0.5884153005464481 0.1910909090909091 0.2579781420765027
1 0.2342181818181818 0.736120218579235 0.08374545454545455 0.297103825136612
1 0.3442181818181818 0.7495081967213114 0.1442181818181818 0.2371584699453552
1 0.3406909090909091 0.5456830601092896 0.18934545454545454 0.1385792349726776
1 0.3362909090909091 0.4411475409836066 0.2026181818181818 0.16688524590163933
1 0.10345454545454545 0.9286338797814208 0.2069090909090909 0.1319672131147541
1 0.1277818181818182 0.7065573770491804 0.09003636363636364 0.2869398907103825
1 0.06469090909090909 0.48338797814207646 0.12941818181818182 0.11562841530054645