1 0.4288888888888889 0.21850828729281765 0.1285304659498208 0.30154696132596687
1 0.5687813620071684 0.13508287292817678 0.15129032258064518 0.2702209944751381
1 0.6548028673835126 0.30287292817679556 0.12358422939068099 0.3423204419889503
1 0.7382437275985663 0.4601657458563536 0.1742652329749104 0.2639226519337017
1 0.24003584229390681 0.5538121546961325 0.24917562724014336 0.1914917127071823
1 0.22630824372759856 0.34397790055248617 0.241505376344086 0.25088397790055245
1 0.2924372759856631 0.2250828729281768 0.21157706093189965 0.2641436464088398
1 0.7537992831541219 0.6521546961325967 0.24250896057347668 0.18486187845303867
1 0.48892473118279567 0.4870165745856354 0.26053763440860217 0.19883977900552488
1 0.48820788530465953 0.7458563535911602 0.20763440860215054 0.2870165745856354
1 0.2221146953405018 0.8945303867403315 0.23508960573476703 0.20767955801104973
1 0.11716845878136199 0.8151381215469613 0.212078853046595 0.19591160220994475
1 0.06982078853046596 0.6010497237569061 0.13473118279569893 0.27685082872928174
1 0.9373835125448028 0.7070165745856354 0.12519713261648746 0.24281767955801106