0 0.5994076655052265 0.26346590909090906 0.15818815331010452 0.4177840909090909
0 0.2961672473867596 0.774715909090909 0.1997560975609756 0.37960227272727276
1 0.41986062717770034 0.24085227272727272 0.19257839721254358 0.24255681818181818
1 0.21857142857142856 0.21409090909090908 0.19139372822299652 0.24704545454545454
1 0.8622648083623693 0.17943181818181816 0.1194076655052265 0.28
1 0.7902439024390244 0.6982386363636364 0.09801393728222996 0.33272727272727276
1 0.5893031358885017 0.7300568181818182 0.18024390243902438 0.13880681818181817
1 0.4824738675958188 0.8376136363636363 0.15982578397212543 0.2580681818181818
1 0.19243902439024388 0.5984659090909091 0.10616724738675958 0.26573863636363637
1 0.2405226480836237 0.4354545454545455 0.15121951219512195 0.26170454545454547
1 0.09696864111498257 0.33943181818181817 0.09641114982578398 0.3234659090909091
1 0.12498257839721254 0.7156818181818182 0.17794425087108015 0.18573863636363636
1 0.7471428571428572 0.9212499999999999 0.08198606271777004 0.1575
1 0.8750174216027874 0.9117613636363636 0.14031358885017423 0.17647727272727273
1 0.9680487804878048 0.5823295454545454 0.06386759581881532 0.35852272727272727