1 0.540296052631579 0.3976851851851852 0.03782894736842105 0.023148148148148147
1 0.6710526315789473 0.3888888888888889 0.6792763157894737 0.39351851851851855 0.6792763157894737 0.4009259259259259 0.6694078947368421 0.4083333333333333 0.6529605263157895 0.412962962962963 0.6447368421052632 0.4111111111111111 0.6463815789473685 0.3962962962962963 0.662828947368421 0.3888888888888889 0.6694078947368421 0.3888888888888889
1 0.7055921052631579 0.3888888888888889 0.7105263157894737 0.3925925925925926 0.7088815789473685 0.4009259259259259 0.6907894736842105 0.40925925925925927 0.6842105263157895 0.40925925925925927 0.6792763157894737 0.4046296296296296 0.6842105263157895 0.39537037037037037 0.6957236842105263 0.38981481481481484 0.7039473684210527 0.3888888888888889
1 0.7228618421052632 0.41203703703703703 0.03125 0.016666666666666666
1 0.7549342105263158 0.3861111111111111 0.7582236842105263 0.38981481481481484 0.7582236842105263 0.4 0.7417763157894737 0.4074074074074074 0.7351973684210527 0.4074074074074074 0.7319078947368421 0.40555555555555556 0.7319078947368421 0.3925925925925926 0.7401315789473685 0.3861111111111111 0.7532894736842105 0.3861111111111111
1 0.4621710526315789 0.3962962962962963 0.46875 0.3990740740740741 0.4769736842105263 0.4074074074074074 0.4769736842105263 0.4111111111111111 0.4654605263157895 0.41574074074074074 0.4588815789473684 0.4148148148148148 0.45230263157894735 0.4101851851851852 0.44901315789473684 0.4111111111111111 0.4457236842105263 0.4074074074074074 0.4473684210526316 0.3972222222222222 0.45394736842105265 0.39537037037037037 0.4605263157894737 0.3962962962962963
1 0.4342105263157895 0.3787037037037037 0.43914473684210525 0.38333333333333336 0.43914473684210525 0.387037037037037 0.4292763157894737 0.3972222222222222 0.4144736842105263 0.40370370370370373 0.40789473684210525 0.4027777777777778 0.40460526315789475 0.4 0.40460526315789475 0.39351851851851855 0.4095394736842105 0.3851851851851852 0.4144736842105263 0.38055555555555554 0.42598684210526316 0.37777777777777777 0.43256578947368424 0.3787037037037037
1 0.3536184210526316 0.4185185185185185 0.35855263157894735 0.4212962962962963 0.3569078947368421 0.44074074074074077 0.3519736842105263 0.44907407407407407 0.34539473684210525 0.45092592592592595 0.34210526315789475 0.45092592592592595 0.3371710526315789 0.4462962962962963 0.3371710526315789 0.4305555555555556 0.3404605263157895 0.4203703703703704 0.34375 0.4185185185185185 0.3519736842105263 0.4185185185185185
1 0.40460526315789475 0.41944444444444445 0.40789473684210525 0.4212962962962963 0.40789473684210525 0.4361111111111111 0.39144736842105265 0.44351851851851853 0.38651315789473684 0.4425925925925926 0.3832236842105263 0.4388888888888889 0.3848684210526316 0.42407407407407405 0.39473684210526316 0.41759259259259257 0.4029605263157895 0.41944444444444445
1 0.4194078947368421 0.44166666666666665 0.42598684210526316 0.44537037037037036 0.42598684210526316 0.45092592592592595 0.42105263157894735 0.4564814814814815 0.40460526315789475 0.4638888888888889 0.3963815789473684 0.46296296296296297 0.3930921052631579 0.45925925925925926 0.3930921052631579 0.45185185185185184 0.4095394736842105 0.4398148148148148 0.41776315789473684 0.44166666666666665
1 0.3026315789473684 0.44814814814814813 0.3125 0.45092592592592595 0.3157894736842105 0.4546296296296296 0.3125 0.462037037037037 0.29605263157894735 0.4759259259259259 0.2894736842105263 0.4759259259259259 0.28618421052631576 0.4740740740740741 0.28289473684210525 0.462037037037037 0.29276315789473684 0.45092592592592595 0.30098684210526316 0.44814814814814813
1 0.2680921052631579 0.44537037037037036 0.26973684210526316 0.4527777777777778 0.26644736842105265 0.4564814814814815 0.23190789473684212 0.47129629629629627 0.2236842105263158 0.47129629629629627 0.2138157894736842 0.4666666666666667 0.2138157894736842 0.46296296296296297 0.22532894736842105 0.4537037037037037 0.23684210526315788 0.44722222222222224 0.26644736842105265 0.44537037037037036
1 0.23684210526315788 0.48055555555555557 0.24835526315789475 0.48518518518518516 0.25 0.4888888888888889 0.23519736842105263 0.5018518518518519 0.2236842105263158 0.5055555555555555 0.21217105263157895 0.5 0.20888157894736842 0.49444444444444446 0.21710526315789475 0.48703703703703705 0.23519736842105263 0.48055555555555557
1 0.20888157894736842 0.48055555555555557 0.21546052631578946 0.48333333333333334 0.21217105263157895 0.4925925925925926 0.18585526315789475 0.5018518518518519 0.17763157894736842 0.5009259259259259 0.17598684210526316 0.49907407407407406 0.17598684210526316 0.4935185185185185 0.18092105263157895 0.48703703703703705 0.19078947368421054 0.4824074074074074 0.20723684210526316 0.48055555555555557
1 0.19901315789473684 0.5217592592592593 0.04276315789473684 0.023148148148148147
1 0.13322368421052633 0.5148148148148148 0.1513157894736842 0.5148148148148148 0.16776315789473684 0.525 0.16776315789473684 0.5296296296296297 0.16447368421052633 0.5314814814814814 0.14473684210526316 0.5296296296296297 0.13322368421052633 0.5231481481481481 0.13322368421052633 0.5157407407407407
1 0.13157894736842105 0.5361111111111111 0.14309210526315788 0.5398148148148149 0.14638157894736842 0.5435185185185185 0.14802631578947367 0.5564814814814815 0.14473684210526316 0.5592592592592592 0.1299342105263158 0.5574074074074075 0.11842105263157894 0.549074074074074 0.11842105263157894 0.5407407407407407 0.125 0.5361111111111111 0.1299342105263158 0.5361111111111111
1 0.3207236842105263 0.5046296296296297 0.3305921052631579 0.5074074074074074 0.3305921052631579 0.5138888888888888 0.3223684210526316 0.5212962962962963 0.31085526315789475 0.5277777777777778 0.30098684210526316 0.5277777777777778 0.2944078947368421 0.5231481481481481 0.2944078947368421 0.5157407407407407 0.3026315789473684 0.5092592592592593 0.30756578947368424 0.5064814814814815 0.3190789473684211 0.5055555555555555
1 0.3519736842105263 0.45740740740740743 0.36019736842105265 0.46296296296296297 0.36019736842105265 0.4722222222222222 0.3519736842105263 0.4777777777777778 0.3371710526315789 0.47685185185185186 0.3305921052631579 0.4675925925925926 0.3338815789473684 0.4583333333333333 0.3404605263157895 0.4564814814814815 0.3503289473684211 0.45740740740740743
1 0.4029605263157895 0.5138888888888888 0.41118421052631576 0.5194444444444445 0.40789473684210525 0.5287037037037037 0.4029605263157895 0.5333333333333333 0.38980263157894735 0.5361111111111111 0.3832236842105263 0.5425925925925926 0.3684210526315789 0.5398148148148149 0.3684210526315789 0.5314814814814814 0.38651315789473684 0.5138888888888888 0.40131578947368424 0.5138888888888888
1 0.4786184210526316 0.46944444444444444 0.48026315789473684 0.4546296296296296 0.48848684210526316 0.45185185185185184 0.5032894736842105 0.45185185185185184 0.5082236842105263 0.46296296296296297 0.5049342105263158 0.47685185185185186 0.4967105263157895 0.47962962962962963 0.4917763157894737 0.4787037037037037 0.48026315789473684 0.4703703703703704
1 0.5361842105263158 0.44537037037037036 0.5493421052631579 0.4564814814814815 0.5361842105263158 0.4648148148148148 0.5328947368421053 0.4648148148148148 0.5213815789473685 0.45740740740740743 0.524671052631579 0.44814814814814813 0.5296052631578947 0.44537037037037036 0.5345394736842105 0.44537037037037036
1 0.506578947368421 0.4203703703703704 0.524671052631579 0.4166666666666667 0.5394736842105263 0.43148148148148147 0.5394736842105263 0.43703703703703706 0.53125 0.44351851851851853 0.506578947368421 0.44351851851851853 0.5032894736842105 0.44074074074074077 0.506578947368421 0.4212962962962963
1 0.6118421052631579 0.47962962962962963 0.6151315789473685 0.48055555555555557 0.6217105263157895 0.49166666666666664 0.631578947368421 0.49722222222222223 0.6332236842105263 0.5009259259259259 0.6282894736842105 0.5037037037037037 0.6085526315789473 0.5009259259259259 0.5838815789473685 0.4861111111111111 0.5838815789473685 0.4824074074074074 0.5904605263157895 0.47962962962962963 0.6101973684210527 0.47962962962962963
1 0 0.44351851851851853 0.014802631578947368 0.44166666666666665 0.02631578947368421 0.44537037037037036 0.047697368421052634 0.4564814814814815 0.05098684210526316 0.45925925925925926 0.05098684210526316 0.4685185185185185 0.07072368421052631 0.4842592592592593 0.08223684210526316 0.5074074074074074 0.08223684210526316 0.5166666666666667 0.07730263157894737 0.5203703703703704 0.06085526315789474 0.5222222222222223 0.054276315789473686 0.5194444444444445 0.05098684210526316 0.5148148148148148 0.03618421052631579 0.5083333333333333 0.02631578947368421 0.49722222222222223 0.011513157894736841 0.48703703703703705 0.006578947368421052 0.4759259259259259 0 0.4703703703703704 0 0.4444444444444444
1 0.16282894736842105 0.325 0.17763157894736842 0.3277777777777778 0.1825657894736842 0.3314814814814815 0.18585526315789475 0.34074074074074073 0.18092105263157895 0.3453703703703704 0.15460526315789475 0.3416666666666667 0.14638157894736842 0.33611111111111114 0.14638157894736842 0.32685185185185184 0.1611842105263158 0.325
1 0.37335526315789475 0.3277777777777778 0.38651315789473684 0.3388888888888889 0.38651315789473684 0.35 0.3832236842105263 0.3537037037037037 0.3717105263157895 0.35648148148148145 0.3618421052631579 0.35648148148148145 0.36019736842105265 0.3472222222222222 0.3536184210526316 0.3398148148148148 0.3536184210526316 0.3351851851851852 0.3618421052631579 0.3287037037037037 0.3717105263157895 0.3277777777777778
1 0.4243421052631579 0.3509259259259259 0.4407894736842105 0.3527777777777778 0.4440789473684211 0.35462962962962963 0.44243421052631576 0.36666666666666664 0.42598684210526316 0.3712962962962963 0.41118421052631576 0.3712962962962963 0.4029605263157895 0.36944444444444446 0.40625 0.3611111111111111 0.4243421052631579 0.35185185185185186
1 0.39473684210526316 0.24351851851851852 0.42105263157894735 0.25 0.43256578947368424 0.25092592592592594 0.4654605263157895 0.26296296296296295 0.48355263157894735 0.27314814814814814 0.48848684210526316 0.27870370370370373 0.5 0.2833333333333333 0.5049342105263158 0.2935185185185185 0.5115131578947368 0.2962962962962963 0.5213815789473685 0.2972222222222222 0.5460526315789473 0.3101851851851852 0.569078947368421 0.3111111111111111 0.5740131578947368 0.3074074074074074 0.5773026315789473 0.3074074074074074 0.5838815789473685 0.31666666666666665 0.59375 0.32037037037037036 0.600328947368421 0.33240740740740743 0.600328947368421 0.3416666666666667 0.5904605263157895 0.34629629629629627 0.5707236842105263 0.3453703703703704 0.5592105263157895 0.3425925925925926 0.5411184210526315 0.3351851851851852 0.5115131578947368 0.3277777777777778 0.5049342105263158 0.32407407407407407 0.4901315789473684 0.32407407407407407 0.47039473684210525 0.3296296296296296 0.4605263157894737 0.33055555555555555 0.44243421052631576 0.3388888888888889 0.4342105263157895 0.3351851851851852 0.42598684210526316 0.3277777777777778 0.4309210526315789 0.3277777777777778 0.4375 0.32314814814814813 0.44243421052631576 0.31574074074074077 0.44243421052631576 0.3101851851851852 0.42598684210526316 0.30185185185185187 0.40789473684210525 0.2972222222222222 0.3980263157894737 0.28425925925925927 0.37993421052631576 0.275 0.37006578947368424 0.27314814814814814 0.3618421052631579 0.2657407407407407 0.3618421052631579 0.25 0.3667763157894737 0.24537037037037038 0.3717105263157895 0.24351851851851852 0.3930921052631579 0.24351851851851852
1 0.34292763157894735 0.7787037037037037 0.07401315789473684 0.027777777777777776