1 0.8519736842105263 0.32685185185185184 0.8634868421052632 0.3333333333333333 0.8881578947368421 0.34074074074074073 0.8963815789473685 0.3490740740740741 0.9210526315789473 0.36203703703703705 0.9210526315789473 0.3768518518518518 0.9177631578947368 0.38333333333333336 0.912828947368421 0.3851851851851852 0.9029605263157895 0.3814814814814815 0.881578947368421 0.37962962962962965 0.8782894736842105 0.37777777777777777 0.8700657894736842 0.37777777777777777 0.8519736842105263 0.38333333333333336 0.8404605263157895 0.38333333333333336 0.8388157894736842 0.37962962962962965 0.850328947368421 0.37037037037037035 0.8536184210526315 0.362962962962963 0.8519736842105263 0.35833333333333334 0.8305921052631579 0.34814814814814815 0.8273026315789473 0.3398148148148148 0.8338815789473685 0.3277777777777778 0.8404605263157895 0.32592592592592595 0.850328947368421 0.32685185185185184
1 0.7220394736842105 0.37592592592592594 0.7269736842105263 0.3787037037037037 0.7286184210526315 0.387037037037037 0.725328947368421 0.39444444444444443 0.71875 0.3972222222222222 0.7039473684210527 0.3972222222222222 0.6743421052631579 0.39351851851851855 0.6694078947368421 0.3907407407407407 0.6677631578947368 0.3861111111111111 0.6825657894736842 0.37962962962962965 0.7203947368421053 0.37592592592592594
1 0.5625 0.29259259259259257 0.5674342105263158 0.2972222222222222 0.5641447368421053 0.30833333333333335 0.5674342105263158 0.33240740740740743 0.5608552631578947 0.33796296296296297 0.5542763157894737 0.33796296296296297 0.5460526315789473 0.3333333333333333 0.5444078947368421 0.31851851851851853 0.5394736842105263 0.31203703703703706 0.5394736842105263 0.30648148148148147 0.5476973684210527 0.2953703703703704 0.5526315789473685 0.29259259259259257 0.5608552631578947 0.29259259259259257
1 0.5641447368421053 0.34074074074074073 0.5773026315789473 0.34074074074074073 0.5855263157894737 0.34444444444444444 0.6036184210526315 0.36203703703703705 0.6036184210526315 0.3685185185185185 0.5921052631578947 0.36944444444444446 0.5773026315789473 0.3611111111111111 0.5740131578947368 0.3611111111111111 0.5625 0.34629629629629627 0.5641447368421053 0.3416666666666667
1 0.7598684210526315 0.3824074074074074 0.7845394736842105 0.3925925925925926 0.7960526315789473 0.39444444444444443 0.8042763157894737 0.4009259259259259 0.8009868421052632 0.40555555555555556 0.7779605263157895 0.40370370370370373 0.7598684210526315 0.4074074074074074 0.756578947368421 0.4064814814814815 0.7598684210526315 0.4 0.7582236842105263 0.3972222222222222 0.7467105263157895 0.3925925925925926 0.743421052631579 0.38796296296296295 0.7483552631578947 0.3814814814814815 0.7582236842105263 0.3824074074074074
1 0.6332236842105263 0.3787037037037037 0.6480263157894737 0.37777777777777777 0.6546052631578947 0.37962962962962965 0.65625 0.38333333333333336 0.6513157894736842 0.39351851851851855 0.6398026315789473 0.4009259259259259 0.6332236842105263 0.41388888888888886 0.6233552631578947 0.4222222222222222 0.6134868421052632 0.42407407407407405 0.6085526315789473 0.4212962962962963 0.6069078947368421 0.41388888888888886 0.6069078947368421 0.4101851851851852 0.618421052631579 0.4009259259259259 0.6217105263157895 0.38981481481481484 0.6332236842105263 0.37962962962962965
1 0.4786184210526316 0.44907407407407407 0.48848684210526316 0.45185185185185184 0.5 0.45925925925925926 0.5 0.4638888888888889 0.48848684210526316 0.4666666666666667 0.4720394736842105 0.4666666666666667 0.4588815789473684 0.4583333333333333 0.4588815789473684 0.4537037037037037 0.46710526315789475 0.44907407407407407 0.4769736842105263 0.44907407407407407
1 0.4243421052631579 0.42962962962962964 0.44243421052631576 0.425 0.44901315789473684 0.43148148148148147 0.44243421052631576 0.44351851851851853 0.4342105263157895 0.44722222222222224 0.42598684210526316 0.44722222222222224 0.4194078947368421 0.4425925925925926 0.4194078947368421 0.43425925925925923 0.4243421052631579 0.4305555555555556
1 0.34210526315789475 0.43703703703703706 0.3519736842105263 0.44074074074074077 0.35526315789473684 0.4462962962962963 0.3519736842105263 0.4601851851851852 0.34539473684210525 0.4638888888888889 0.33223684210526316 0.4638888888888889 0.3256578947368421 0.4564814814814815 0.32730263157894735 0.44907407407407407 0.3404605263157895 0.43796296296296294
1 0.31743421052631576 0.46111111111111114 0.3305921052631579 0.4666666666666667 0.32894736842105265 0.47314814814814815 0.3338815789473684 0.47962962962962963 0.3305921052631579 0.49074074074074076 0.3256578947368421 0.49166666666666664 0.3157894736842105 0.4888888888888889 0.3026315789473684 0.47129629629629627 0.3026315789473684 0.4648148148148148 0.30756578947368424 0.462037037037037 0.3157894736842105 0.462037037037037
1 0.34210526315789475 0.49722222222222223 0.3519736842105263 0.5083333333333333 0.3519736842105263 0.5222222222222223 0.34868421052631576 0.524074074074074 0.3404605263157895 0.524074074074074 0.3207236842105263 0.5120370370370371 0.3223684210526316 0.5055555555555555 0.3338815789473684 0.4981481481481482 0.3404605263157895 0.49722222222222223
1 0.3001644736842105 0.5 0.03125 0.024074074074074074
1 0.2730263157894737 0.5398148148148149 0.2713815789473684 0.5370370370370371 0.2598684210526316 0.5314814814814814 0.2598684210526316 0.5259259259259259 0.2713815789473684 0.5185185185185185 0.2845394736842105 0.5194444444444445 0.2894736842105263 0.5268518518518519 0.2894736842105263 0.5370370370370371 0.2845394736842105 0.5407407407407407 0.2746710526315789 0.5398148148148149
1 0.23355263157894737 0.37407407407407406 0.24177631578947367 0.37592592592592594 0.24671052631578946 0.37962962962962965 0.24342105263157895 0.39444444444444443 0.23355263157894737 0.39814814814814814 0.2236842105263158 0.3972222222222222 0.21710526315789475 0.3907407407407407 0.21875 0.3824074074074074 0.2236842105263158 0.3768518518518518 0.23190789473684212 0.37407407407407406
1 0.2713815789473684 0.3814814814814815 0.28125 0.38796296296296295 0.28125 0.4 0.2746710526315789 0.4027777777777778 0.26151315789473684 0.40370370370370373 0.2532894736842105 0.3990740740740741 0.2631578947368421 0.38425925925925924 0.26973684210526316 0.3824074074074074
1 0.24671052631578946 0.40925925925925927 0.2532894736842105 0.4148148148148148 0.25164473684210525 0.4222222222222222 0.24671052631578946 0.42777777777777776 0.23684210526315788 0.43148148148148147 0.22697368421052633 0.4305555555555556 0.22039473684210525 0.425 0.22039473684210525 0.4203703703703704 0.23190789473684212 0.4111111111111111 0.2450657894736842 0.40925925925925927
1 0.4342105263157895 0.4064814814814815 0.4342105263157895 0.4148148148148148 0.4276315789473684 0.4185185185185185 0.4095394736842105 0.4222222222222222 0.3963815789473684 0.4222222222222222 0.3963815789473684 0.4148148148148148 0.41118421052631576 0.4074074074074074 0.42269736842105265 0.40555555555555556 0.43256578947368424 0.4064814814814815
1 0.4342105263157895 0.387037037037037 0.43914473684210525 0.387037037037037 0.44243421052631576 0.38981481481481484 0.44243421052631576 0.3972222222222222 0.42598684210526316 0.4027777777777778 0.41776315789473684 0.4027777777777778 0.4144736842105263 0.4046296296296296 0.4095394736842105 0.40370370370370373 0.40460526315789475 0.40555555555555556 0.3980263157894737 0.4027777777777778 0.3996710526315789 0.3972222222222222 0.4095394736842105 0.3925925925925926 0.43256578947368424 0.387037037037037
1 0.45230263157894735 0.3787037037037037 0.4621710526315789 0.3787037037037037 0.46710526315789475 0.3851851851851852 0.4654605263157895 0.39444444444444443 0.4605263157894737 0.39814814814814814 0.4555921052631579 0.4 0.4407894736842105 0.39814814814814814 0.4407894736842105 0.38981481481481484 0.45230263157894735 0.37962962962962965
1 0.39473684210526316 0.35833333333333334 0.40460526315789475 0.3648148148148148 0.40460526315789475 0.3768518518518518 0.3963815789473684 0.3824074074074074 0.3848684210526316 0.37962962962962965 0.37664473684210525 0.37037037037037035 0.3782894736842105 0.362962962962963 0.3848684210526316 0.3592592592592593 0.3930921052631579 0.35833333333333334
1 0.41118421052631576 0.3388888888888889 0.4276315789473684 0.3416666666666667 0.4292763157894737 0.3490740740740741 0.42598684210526316 0.35185185185185186 0.40625 0.3611111111111111 0.3980263157894737 0.35833333333333334 0.3980263157894737 0.34629629629629627 0.4029605263157895 0.3416666666666667 0.4095394736842105 0.3398148148148148
1 0.45394736842105265 0.35 0.4605263157894737 0.35185185185185186 0.4654605263157895 0.35833333333333334 0.46381578947368424 0.36944444444444446 0.45394736842105265 0.3731481481481482 0.4440789473684211 0.37037037037037035 0.43585526315789475 0.36018518518518516 0.43914473684210525 0.35185185185185186 0.45230263157894735 0.35
1 0.4605263157894737 0.33055555555555555 0.46710526315789475 0.3314814814814815 0.4786184210526316 0.33796296296296297 0.48519736842105265 0.34444444444444444 0.48519736842105265 0.35185185185185186 0.47039473684210525 0.3527777777777778 0.4588815789473684 0.3509259259259259 0.45230263157894735 0.3472222222222222 0.44901315789473684 0.3388888888888889 0.4588815789473684 0.3314814814814815
1 0.36019736842105265 0.4203703703703704 0.3684210526315789 0.4222222222222222 0.37335526315789475 0.42777777777777776 0.37335526315789475 0.43333333333333335 0.3684210526315789 0.4361111111111111 0.3536184210526316 0.4361111111111111 0.3404605263157895 0.4305555555555556 0.33881578947368424 0.42777777777777776 0.34210526315789475 0.4212962962962963 0.34868421052631576 0.41944444444444445 0.35855263157894735 0.4203703703703704
1 0.4621710526315789 0.4166666666666667 0.4769736842105263 0.4203703703703704 0.48355263157894735 0.425 0.46710526315789475 0.4305555555555556 0.45230263157894735 0.4287037037037037 0.4457236842105263 0.425 0.4473684210526316 0.4185185185185185 0.4605263157894737 0.4166666666666667
1 0.4868421052631579 0.4305555555555556 0.4934210526315789 0.4388888888888889 0.4901315789473684 0.44722222222222224 0.4769736842105263 0.4462962962962963 0.46710526315789475 0.4388888888888889 0.46710526315789475 0.43425925925925923 0.47368421052631576 0.4305555555555556 0.48519736842105265 0.4305555555555556
1 0.5164473684210527 0.43333333333333335 0.524671052631579 0.4351851851851852 0.5279605263157895 0.43796296296296294 0.5263157894736842 0.4425925925925926 0.5197368421052632 0.4444444444444444 0.5098684210526315 0.4444444444444444 0.5 0.44074074074074077 0.5016447368421053 0.43333333333333335 0.5148026315789473 0.43333333333333335
1 0.53125 0.4527777777777778 0.53125 0.45925925925925926 0.5148026315789473 0.4685185185185185 0.5032894736842105 0.4666666666666667 0.5032894736842105 0.45925925925925926 0.5263157894736842 0.45185185185185184 0.5296052631578947 0.4527777777777778
1 4.707236842105263 0.5 7.4144736842105265 1
1 0.6348684210526315 0.44537037037037036 0.6381578947368421 0.45185185185185184 0.6430921052631579 0.4527777777777778 0.6430921052631579 0.462037037037037 0.625 0.4666666666666667 0.6101973684210527 0.46296296296296297 0.6118421052631579 0.4583333333333333 0.6151315789473685 0.4583333333333333 0.625 0.45 0.6348684210526315 0.4462962962962963
1 0.6381578947368421 0.4388888888888889 0.6463815789473685 0.43703703703703706 0.6595394736842105 0.43796296296296294 0.6578947368421053 0.4444444444444444 0.6398026315789473 0.45185185185185184 0.6299342105263158 0.44907407407407407 0.6299342105263158 0.4462962962962963 0.6381578947368421 0.4398148148148148
1 0.5838815789473685 0.44722222222222224 0.600328947368421 0.44166666666666665 0.6036184210526315 0.4425925925925926 0.600328947368421 0.45740740740740743 0.5953947368421053 0.46296296296296297 0.587171052631579 0.4648148148148148 0.5789473684210527 0.462037037037037 0.5773026315789473 0.4564814814814815 0.5838815789473685 0.44814814814814813
1 0.4128289473684211 0.7046296296296296 0.4194078947368421 0.7083333333333334 0.4194078947368421 0.712037037037037 0.4128289473684211 0.7166666666666667 0.3996710526315789 0.7240740740740741 0.3848684210526316 0.7287037037037037 0.3717105263157895 0.7388888888888889 0.35526315789473684 0.7425925925925926 0.3470394736842105 0.7416666666666667 0.34375 0.7351851851851852 0.3470394736842105 0.7305555555555555 0.3684210526315789 0.7175925925925926 0.375 0.7111111111111111 0.3963815789473684 0.7046296296296296 0.41118421052631576 0.7046296296296296
1 0.22861842105263158 0.7268518518518519 0.23848684210526316 0.7268518518518519 0.26151315789473684 0.7314814814814815 0.2746710526315789 0.737037037037037 0.2746710526315789 0.7407407407407407 0.2680921052631579 0.7444444444444445 0.25164473684210525 0.7444444444444445 0.23190789473684212 0.7379629629629629 0.22532894736842105 0.7305555555555555 0.22861842105263158 0.7277777777777777
1 0.5509868421052632 0.6972222222222222 0.5641447368421053 0.7 0.5674342105263158 0.7055555555555556 0.5592105263157895 0.7101851851851851 0.5411184210526315 0.7111111111111111 0.5328947368421053 0.7111111111111111 0.5263157894736842 0.7027777777777777 0.5328947368421053 0.6981481481481482 0.5493421052631579 0.6972222222222222
1 0.5460526315789473 0.48518518518518516 0.5493421052631579 0.48703703703703705 0.5476973684210527 0.4981481481481482 0.537828947368421 0.5046296296296297 0.5279605263157895 0.5037037037037037 0.5230263157894737 0.4981481481481482 0.53125 0.487962962962963 0.5361842105263158 0.48518518518518516 0.5444078947368421 0.48518518518518516
1 0.41776315789473684 0.14351851851851852 0.4194078947368421 0.14722222222222223 0.4243421052631579 0.14351851851851852 0.4243421052631579 0.14537037037037037 0.43914473684210525 0.1537037037037037 0.4588815789473684 0.1574074074074074 0.4769736842105263 0.1648148148148148 0.4967105263157895 0.18333333333333332 0.49506578947368424 0.19074074074074074 0.4917763157894737 0.1925925925925926 0.4819078947368421 0.1925925925925926 0.46710526315789475 0.18611111111111112 0.4555921052631579 0.18518518518518517 0.4473684210526316 0.19166666666666668 0.43256578947368424 0.1925925925925926 0.4375 0.1787037037037037 0.43256578947368424 0.17037037037037037 0.41118421052631576 0.1574074074074074 0.41118421052631576 0.14814814814814814 0.4161184210526316 0.14444444444444443
1 0.17598684210526316 0.22777777777777777 0.18421052631578946 0.23055555555555557 0.1875 0.23425925925925925 0.19078947368421054 0.24351851851851852 0.18914473684210525 0.25 0.18421052631578946 0.24537037037037038 0.15625 0.24537037037037038 0.15460526315789475 0.24351851851851852 0.15625 0.23055555555555557 0.15953947368421054 0.22870370370370371 0.17434210526315788 0.22777777777777777
1 0.06743421052631579 0.49444444444444446 0.07730263157894737 0.49444444444444446 0.08388157894736842 0.49722222222222223 0.10197368421052631 0.5111111111111111 0.09210526315789473 0.5166666666666667 0.08552631578947369 0.5268518518518519 0.0756578947368421 0.5268518518518519 0.07072368421052631 0.525 0.05921052631578947 0.5157407407407407 0.06743421052631579 0.49537037037037035
1 0.1611842105263158 0.4962962962962963 0.1825657894736842 0.5046296296296297 0.1825657894736842 0.5083333333333333 0.17434210526315788 0.5120370370370371 0.16447368421052633 0.5120370370370371 0.14309210526315788 0.5074074074074074 0.14309210526315788 0.5027777777777778 0.15953947368421054 0.49722222222222223
1 0.21052631578947367 0.7527777777777778 0.21546052631578946 0.7555555555555555 0.2138157894736842 0.7722222222222223 0.19572368421052633 0.787962962962963 0.18585526315789475 0.7925925925925926 0.17763157894736842 0.7925925925925926 0.17434210526315788 0.7907407407407407 0.17269736842105263 0.7722222222222223 0.17434210526315788 0.7694444444444445 0.18092105263157895 0.7685185185185185 0.1924342105263158 0.7574074074074074 0.20065789473684212 0.7537037037037037 0.20888157894736842 0.7527777777777778
1 0.15789473684210525 0.75 0.16447368421052633 0.7537037037037037 0.16611842105263158 0.7611111111111111 0.16282894736842105 0.7787037037037037 0.14638157894736842 0.787962962962963 0.14309210526315788 0.7925925925925926 0.13322368421052633 0.7944444444444444 0.12828947368421054 0.7944444444444444 0.12664473684210525 0.7925925925925926 0.13322368421052633 0.7592592592592593 0.13815789473684212 0.7527777777777778 0.15625 0.75
1 0.03125 0.5555555555555556 0.039473684210526314 0.5638888888888889 0.039473684210526314 0.5731481481481482 0.029605263157894735 0.5796296296296296 0.023026315789473683 0.5796296296296296 0.019736842105263157 0.5777777777777777 0.014802631578947368 0.5666666666666667 0.018092105263157895 0.5583333333333333 0.029605263157894735 0.5555555555555556
1 0.41776315789473684 0.5074074074074074 0.42269736842105265 0.5120370370370371 0.42269736842105265 0.5185185185185185 0.41118421052631576 0.524074074074074 0.3996710526315789 0.524074074074074 0.3980263157894737 0.5212962962962963 0.40460526315789475 0.5092592592592593 0.40789473684210525 0.5074074074074074 0.4161184210526316 0.5074074074074074
1 0.4555921052631579 0.5203703703703704 0.4375 0.5194444444444445 0.4309210526315789 0.5148148148148148 0.4309210526315789 0.5120370370370371 0.4473684210526316 0.5055555555555555 0.4555921052631579 0.5083333333333333 0.4555921052631579 0.5194444444444445
1 0.26151315789473684 0.8685185185185185 0.2779605263157895 0.8759259259259259 0.28289473684210525 0.8814814814814815 0.28289473684210525 0.8870370370370371 0.2730263157894737 0.8907407407407407 0.25164473684210525 0.8907407407407407 0.23355263157894737 0.8731481481481481 0.23355263157894737 0.8694444444444445 0.2598684210526316 0.8685185185185185
1 0.29276315789473684 0.7898148148148149 0.3042763157894737 0.7962962962962963 0.3092105263157895 0.8037037037037037 0.3042763157894737 0.8101851851851852 0.2944078947368421 0.812962962962963 0.2894736842105263 0.812962962962963 0.27631578947368424 0.8074074074074075 0.26644736842105265 0.8055555555555556 0.2598684210526316 0.8 0.26151315789473684 0.7935185185185185 0.2713815789473684 0.7888888888888889 0.2911184210526316 0.7898148148148149
1 0.35526315789473684 0.7472222222222222 0.3667763157894737 0.7472222222222222 0.37664473684210525 0.7527777777777778 0.37993421052631576 0.7574074074074074 0.3782894736842105 0.762962962962963 0.3338815789473684 0.7777777777777778 0.3305921052631579 0.7722222222222223 0.33223684210526316 0.7648148148148148 0.34539473684210525 0.7527777777777778 0.35526315789473684 0.7481481481481481