1 0.3815789473684211 0.7138888888888889 0.39144736842105265 0.7175925925925926 0.4342105263157895 0.7157407407407408 0.44243421052631576 0.7194444444444444 0.4457236842105263 0.7240740740740741 0.4440789473684211 0.7268518518518519 0.4276315789473684 0.7342592592592593 0.4128289473684211 0.7379629629629629 0.375 0.7379629629629629 0.3618421052631579 0.7333333333333333 0.3569078947368421 0.7268518518518519 0.35855263157894735 0.7194444444444444 0.37006578947368424 0.7129629629629629 0.37993421052631576 0.7138888888888889
1 0.6167763157894737 0.5472222222222223 0.6398026315789473 0.5564814814814815 0.6480263157894737 0.562037037037037 0.6546052631578947 0.5740740740740741 0.6546052631578947 0.5888888888888889 0.6463815789473685 0.5953703703703703 0.6398026315789473 0.5953703703703703 0.6282894736842105 0.5907407407407408 0.6085526315789473 0.5777777777777777 0.5953947368421053 0.562962962962963 0.5953947368421053 0.549074074074074 0.6019736842105263 0.5462962962962963 0.6151315789473685 0.5472222222222223
1 0.9671052631578947 0.3472222222222222 0.9802631578947368 0.3537037037037037 0.9819078947368421 0.36018518518518516 0.962171052631579 0.3768518518518518 0.9407894736842105 0.38333333333333336 0.9194078947368421 0.38333333333333336 0.9095394736842105 0.37962962962962965 0.8980263157894737 0.3675925925925926 0.899671052631579 0.35648148148148145 0.90625 0.35185185185185186 0.9259868421052632 0.35185185185185186 0.9473684210526315 0.3472222222222222 0.9654605263157895 0.3472222222222222
1 0.8799342105263158 0.08425925925925926 0.8947368421052632 0.08333333333333333 0.9194078947368421 0.08796296296296297 0.9375 0.09814814814814815 0.9703947368421053 0.11203703703703703 0.9802631578947368 0.11944444444444445 0.9835526315789473 0.1259259259259259 0.9802631578947368 0.13703703703703704 0.9457236842105263 0.1259259259259259 0.9391447368421053 0.12685185185185185 0.930921052631579 0.13425925925925927 0.9111842105263158 0.14444444444444443 0.9046052631578947 0.15185185185185185 0.899671052631579 0.1537037037037037 0.8963815789473685 0.15 0.9078947368421053 0.12962962962962962 0.9078947368421053 0.12037037037037036 0.8947368421052632 0.10740740740740741 0.881578947368421 0.10277777777777777 0.875 0.09814814814814815 0.8733552631578947 0.09259259259259259 0.8799342105263158 0.08518518518518518
1 0.7516447368421053 0.5722222222222222 0.75 0.5685185185185185 0.7582236842105263 0.5527777777777778 0.7549342105263158 0.5509259259259259 0.7368421052631579 0.5537037037037037 0.7302631578947368 0.5527777777777778 0.7203947368421053 0.5481481481481482 0.7220394736842105 0.5416666666666666 0.7335526315789473 0.5361111111111111 0.743421052631579 0.5342592592592592 0.7664473684210527 0.5342592592592592 0.7713815789473685 0.5324074074074074 0.8026315789473685 0.5324074074074074 0.805921052631579 0.5342592592592592 0.805921052631579 0.5453703703703704 0.7763157894736842 0.5537037037037037 0.7680921052631579 0.5537037037037037 0.7582236842105263 0.5685185185185185 0.7532894736842105 0.5712962962962963
1 0.5148026315789473 0.5166666666666667 0.5180921052631579 0.5231481481481481 0.5230263157894737 0.5259259259259259 0.5394736842105263 0.525 0.5345394736842105 0.5361111111111111 0.5427631578947368 0.5518518518518518 0.5394736842105263 0.5583333333333333 0.5213815789473685 0.5657407407407408 0.5082236842105263 0.5648148148148148 0.48026315789473684 0.5546296296296296 0.46875 0.5472222222222223 0.4621710526315789 0.5462962962962963 0.46875 0.5361111111111111 0.4769736842105263 0.5305555555555556 0.48355263157894735 0.5287037037037037 0.5082236842105263 0.5296296296296297 0.5115131578947368 0.5268518518518519 0.5131578947368421 0.5175925925925926
1 0.9407894736842105 0.9361111111111111 0.930921052631579 0.9277777777777778 0.9210526315789473 0.9138888888888889 0.9226973684210527 0.9074074074074074 0.9358552631578947 0.9 0.96875 0.8953703703703704 0.9983552631578947 0.8962962962962963 0.9983552631578947 0.9435185185185185 0.993421052631579 0.9462962962962963 0.9835526315789473 0.9462962962962963 0.9736842105263158 0.9425925925925925 0.9555921052631579 0.9425925925925925 0.9424342105263158 0.9361111111111111
1 0.8305921052631579 0.3490740740740741 0.8404605263157895 0.3537037037037037 0.84375 0.362962962962963 0.8552631578947368 0.36944444444444446 0.8601973684210527 0.3787037037037037 0.8585526315789473 0.39444444444444443 0.8404605263157895 0.39444444444444443 0.8305921052631579 0.3907407407407407 0.819078947368421 0.38333333333333336 0.8075657894736842 0.36944444444444446 0.8092105263157895 0.35185185185185186 0.8174342105263158 0.3490740740740741 0.8289473684210527 0.3490740740740741
1 0.29605263157894735 0.7 0.3026315789473684 0.7018518518518518 0.3223684210526316 0.7018518518518518 0.34210526315789475 0.7101851851851851 0.3470394736842105 0.7166666666666667 0.3470394736842105 0.7222222222222222 0.34210526315789475 0.725925925925926 0.3305921052631579 0.7277777777777777 0.2713815789473684 0.7268518518518519 0.26644736842105265 0.7240740740740741 0.2631578947368421 0.7194444444444444 0.26480263157894735 0.7027777777777777 0.27631578947368424 0.6981481481481482 0.2944078947368421 0.7
1 0.3684210526315789 0.9416666666666667 0.3881578947368421 0.9416666666666667 0.3963815789473684 0.9462962962962963 0.40460526315789475 0.9611111111111111 0.40460526315789475 0.9675925925925926 0.3980263157894737 0.9768518518518519 0.40625 0.9888888888888889 0.4029605263157895 0.9990740740740741 0.3569078947368421 0.9990740740740741 0.35526315789473684 0.9888888888888889 0.36019736842105265 0.9740740740740741 0.35855263157894735 0.9546296296296296 0.3684210526315789 0.9425925925925925
1 0.29276315789473684 0.537962962962963 0.31085526315789475 0.5472222222222223 0.3157894736842105 0.5537037037037037 0.33881578947368424 0.5675925925925925 0.34375 0.575 0.34210526315789475 0.5861111111111111 0.33223684210526316 0.587037037037037 0.3059210526315789 0.5731481481481482 0.3026315789473684 0.575 0.3026315789473684 0.5972222222222222 0.29605263157894735 0.5731481481481482 0.28618421052631576 0.5666666666666667 0.2746710526315789 0.549074074074074 0.2746710526315789 0.5425925925925926 0.27960526315789475 0.5398148148148149 0.2911184210526316 0.537962962962963
1 0.2582236842105263 0.6046296296296296 0.26973684210526316 0.6083333333333333 0.28125 0.6157407407407407 0.2894736842105263 0.6166666666666667 0.29769736842105265 0.6148148148148148 0.30756578947368424 0.6212962962962963 0.3256578947368421 0.625 0.32894736842105265 0.6333333333333333 0.3190789473684211 0.6435185185185185 0.3092105263157895 0.6407407407407407 0.2911184210526316 0.6407407407407407 0.2779605263157895 0.6444444444444445 0.26644736842105265 0.6444444444444445 0.25 0.6509259259259259 0.23848684210526316 0.649074074074074 0.22697368421052633 0.6416666666666667 0.22203947368421054 0.6351851851851852 0.22203947368421054 0.6277777777777778 0.22697368421052633 0.6138888888888889 0.23026315789473684 0.612037037037037 0.23848684210526316 0.612037037037037 0.24835526315789475 0.6055555555555555 0.2565789473684211 0.6046296296296296
1 0.9391447368421053 0.4824074074074074 0.9490131578947368 0.48518518518518516 0.9539473684210527 0.49074074074074076 0.9539473684210527 0.5101851851851852 0.9457236842105263 0.5277777777777778 0.9276315789473685 0.5277777777777778 0.9177631578947368 0.5259259259259259 0.9095394736842105 0.5203703703703704 0.912828947368421 0.49537037037037035 0.9276315789473685 0.4842592592592593 0.9375 0.4824074074074074
1 0.8618421052631579 0.4842592592592593 0.8782894736842105 0.4842592592592593 0.8848684210526315 0.49074074074074076 0.8832236842105263 0.5212962962962963 0.8766447368421053 0.5296296296296297 0.8717105263157895 0.5324074074074074 0.8651315789473685 0.5324074074074074 0.8585526315789473 0.525 0.8585526315789473 0.4898148148148148 0.8618421052631579 0.48518518518518516
1 0.008223684210526315 0.700925925925926 0.023026315789473683 0.7074074074074074 0.03618421052631579 0.7175925925925926 0.039473684210526314 0.7305555555555555 0.03782894736842105 0.737037037037037 0.03289473684210526 0.7398148148148148 0.018092105263157895 0.7416666666666667 0.011513157894736841 0.7444444444444445 0.009868421052631578 0.7509259259259259 0.004934210526315789 0.7555555555555555 0 0.7555555555555555 0 0.7037037037037037 0.006578947368421052 0.700925925925926
1 0.5213815789473685 0.5666666666666667 0.537828947368421 0.5712962962962963 0.5592105263157895 0.5805555555555556 0.5674342105263158 0.5851851851851851 0.5723684210526315 0.5935185185185186 0.5723684210526315 0.5990740740740741 0.555921052631579 0.6074074074074074 0.5460526315789473 0.6203703703703703 0.5328947368421053 0.6203703703703703 0.5263157894736842 0.6240740740740741 0.5049342105263158 0.6194444444444445 0.49506578947368424 0.5916666666666667 0.49506578947368424 0.5824074074074074 0.5016447368421053 0.5731481481481482 0.5115131578947368 0.5666666666666667 0.5197368421052632 0.5666666666666667
1 0.631578947368421 0.8111111111111111 0.6414473684210527 0.8175925925925925 0.6414473684210527 0.8333333333333334 0.6332236842105263 0.8462962962962963 0.6167763157894737 0.85 0.6101973684210527 0.8490740740740741 0.600328947368421 0.8416666666666667 0.5970394736842105 0.8324074074074074 0.5986842105263158 0.8231481481481482 0.6019736842105263 0.8166666666666667 0.6085526315789473 0.812037037037037 0.6299342105263158 0.8111111111111111
1 0.1513157894736842 0.7361111111111112 0.19078947368421054 0.7509259259259259 0.20394736842105263 0.7620370370370371 0.20394736842105263 0.7685185185185185 0.19736842105263158 0.7722222222222223 0.18092105263157895 0.774074074074074 0.16611842105263158 0.7722222222222223 0.14967105263157895 0.7638888888888888 0.14309210526315788 0.762962962962963 0.12828947368421054 0.7518518518518519 0.12828947368421054 0.7462962962962963 0.13322368421052633 0.7398148148148148 0.14144736842105263 0.7361111111111112 0.14967105263157895 0.7361111111111112
1 0.3305921052631579 0.21666666666666667 0.34210526315789475 0.22037037037037038 0.35526315789473684 0.22777777777777777 0.3651315789473684 0.22407407407407406 0.3684210526315789 0.23425925925925925 0.375 0.2388888888888889 0.3717105263157895 0.24814814814814815 0.3618421052631579 0.25277777777777777 0.34210526315789475 0.25277777777777777 0.3338815789473684 0.25462962962962965 0.3092105263157895 0.2518518518518518 0.2894736842105263 0.24537037037037038 0.2878289473684211 0.23981481481481481 0.29276315789473684 0.23703703703703705 0.3305921052631579 0.23055555555555557 0.32730263157894735 0.2212962962962963 0.32894736842105265 0.2175925925925926
1 0.3930921052631579 0.36203703703703705 0.4029605263157895 0.37037037037037035 0.4144736842105263 0.3712962962962963 0.41776315789473684 0.3731481481481482 0.42105263157894735 0.3768518518518518 0.4194078947368421 0.3851851851851852 0.40460526315789475 0.39537037037037037 0.3930921052631579 0.3990740740740741 0.375 0.40185185185185185 0.36348684210526316 0.40185185185185185 0.3503289473684211 0.3990740740740741 0.3503289473684211 0.39351851851851855 0.3569078947368421 0.3851851851851852 0.3618421052631579 0.3824074074074074 0.3684210526315789 0.3824074074074074 0.3848684210526316 0.37407407407407406 0.3930921052631579 0.362962962962963
1 0.2582236842105263 0.5388888888888889 0.2730263157894737 0.5462962962962963 0.2779605263157895 0.5564814814814815 0.2779605263157895 0.5666666666666667 0.26151315789473684 0.5666666666666667 0.2532894736842105 0.5722222222222222 0.23684210526315788 0.5722222222222222 0.22697368421052633 0.5740740740740741 0.21875 0.5814814814814815 0.2138157894736842 0.5814814814814815 0.21052631578947367 0.5787037037037037 0.19901315789473684 0.5777777777777777 0.1924342105263158 0.5824074074074074 0.18585526315789475 0.5953703703703703 0.17763157894736842 0.5990740740740741 0.17269736842105263 0.5953703703703703 0.17598684210526316 0.5842592592592593 0.17105263157894737 0.5814814814814815 0.14309210526315788 0.5879629629629629 0.13486842105263158 0.5879629629629629 0.12828947368421054 0.5851851851851851 0.12828947368421054 0.5777777777777777 0.13815789473684212 0.5657407407407408 0.16776315789473684 0.5518518518518518 0.19736842105263158 0.5481481481481482 0.21546052631578946 0.5407407407407407 0.24013157894736842 0.5407407407407407 0.25 0.537962962962963 0.2565789473684211 0.5388888888888889
1 0.8240131578947368 0.8888888888888888 0.8338815789473685 0.8935185185185185 0.8519736842105263 0.9111111111111111 0.8601973684210527 0.9277777777777778 0.8486842105263158 0.9305555555555556 0.8141447368421053 0.9296296296296296 0.805921052631579 0.925 0.7993421052631579 0.9175925925925926 0.7976973684210527 0.9064814814814814 0.805921052631579 0.899074074074074 0.8075657894736842 0.8907407407407407 0.8108552631578947 0.8888888888888888 0.8223684210526315 0.8888888888888888
1 0.17598684210526316 0.6777777777777778 0.18421052631578946 0.6824074074074075 0.1875 0.6814814814814815 0.19901315789473684 0.6907407407407408 0.20065789473684212 0.7046296296296296 0.19078947368421054 0.7101851851851851 0.15953947368421054 0.7092592592592593 0.14638157894736842 0.7046296296296296 0.13157894736842105 0.6944444444444444 0.1299342105263158 0.6888888888888889 0.13322368421052633 0.6851851851851852 0.15296052631578946 0.6814814814814815 0.1611842105263158 0.6777777777777778 0.17434210526315788 0.6777777777777778
1 0.7648026315789473 0.5435185185185185 0.08881578947368421 0.022222222222222223
1 0.4407894736842105 0.44907407407407407 0.4473684210526316 0.45185185185185184 0.44243421052631576 0.4666666666666667 0.4309210526315789 0.47314814814814815 0.4276315789473684 0.48055555555555557 0.4194078947368421 0.48518518518518516 0.3963815789473684 0.49074074074074076 0.38651315789473684 0.487962962962963 0.37993421052631576 0.46296296296296297 0.38651315789473684 0.45925925925925926 0.3996710526315789 0.45740740740740743 0.4095394736842105 0.44814814814814813 0.43914473684210525 0.44907407407407407
1 0.9243421052631579 0.2953703703703704 0.9292763157894737 0.2962962962962963 0.9457236842105263 0.3074074074074074 0.9490131578947368 0.31574074074074077 0.9572368421052632 0.32407407407407407 0.9638157894736842 0.33796296296296297 0.9638157894736842 0.3453703703703704 0.9572368421052632 0.3472222222222222 0.9407894736842105 0.34629629629629627 0.9276315789473685 0.3296296296296296 0.9161184210526315 0.325 0.912828947368421 0.31666666666666665 0.9029605263157895 0.3101851851851852 0.9029605263157895 0.3055555555555556 0.9095394736842105 0.2972222222222222 0.9226973684210527 0.2953703703703704
1 0.6743421052631579 0.5370370370370371 0.6842105263157895 0.5425925925925926 0.6825657894736842 0.5509259259259259 0.6661184210526315 0.5675925925925925 0.6644736842105263 0.5824074074074074 0.6578947368421053 0.5851851851851851 0.6480263157894737 0.5944444444444444 0.6332236842105263 0.5925925925925926 0.6052631578947368 0.575 0.5953947368421053 0.562037037037037 0.59375 0.5518518518518518 0.6036184210526315 0.5462962962962963 0.6134868421052632 0.5462962962962963 0.6299342105263158 0.5518518518518518 0.6546052631578947 0.5388888888888889 0.662828947368421 0.5361111111111111 0.6726973684210527 0.5370370370370371
1 0.29605263157894735 0.05185185185185185 0.3190789473684211 0.062037037037037036 0.34539473684210525 0.062037037037037036 0.375 0.07407407407407407 0.4095394736842105 0.07685185185185185 0.42105263157894735 0.08148148148148149 0.43585526315789475 0.09166666666666666 0.4407894736842105 0.10185185185185185 0.43914473684210525 0.10462962962962963 0.4309210526315789 0.10555555555555556 0.42269736842105265 0.11018518518518519 0.41776315789473684 0.10833333333333334 0.4161184210526316 0.11203703703703703 0.42269736842105265 0.11388888888888889 0.43585526315789475 0.12685185185185185 0.4440789473684211 0.13148148148148148 0.4588815789473684 0.13518518518518519 0.4786184210526316 0.14537037037037037 0.5 0.14814814814814814 0.506578947368421 0.15092592592592594 0.5098684210526315 0.15555555555555556 0.5098684210526315 0.1685185185185185 0.5082236842105263 0.1712962962962963 0.5016447368421053 0.17314814814814813 0.4917763157894737 0.17222222222222222 0.4868421052631579 0.16944444444444445 0.45230263157894735 0.16111111111111112 0.4440789473684211 0.15555555555555556 0.42269736842105265 0.14814814814814814 0.40789473684210525 0.14907407407407408 0.4029605263157895 0.15185185185185185 0.3815789473684211 0.15555555555555556 0.36019736842105265 0.16203703703703703 0.3338815789473684 0.16574074074074074 0.33223684210526316 0.16018518518518518 0.3371710526315789 0.15092592592592594 0.33881578947368424 0.12407407407407407 0.33223684210526316 0.12129629629629629 0.32401315789473684 0.12777777777777777 0.30756578947368424 0.13333333333333333 0.3042763157894737 0.14074074074074075 0.2993421052631579 0.14166666666666666 0.29605263157894735 0.1388888888888889 0.2993421052631579 0.13333333333333333 0.29769736842105265 0.12962962962962962 0.2993421052631579 0.12685185185185185 0.31085526315789475 0.12129629629629629 0.3092105263157895 0.11388888888888889 0.2911184210526316 0.10185185185185185 0.28289473684210525 0.10092592592592593 0.26973684210526316 0.09351851851851851 0.26973684210526316 0.09166666666666666 0.26480263157894735 0.09074074074074075 0.2565789473684211 0.0824074074074074 0.2565789473684211 0.07407407407407407 0.2680921052631579 0.05740740740740741 0.27631578947368424 0.05277777777777778 0.2944078947368421 0.05185185185185185
1 0.9868421052631579 0.3990740740740741 0.9967105263157895 0.40370370370370373 0.9967105263157895 0.41203703703703703 0.9917763157894737 0.41759259259259257 0.993421052631579 0.4287037037037037 0.9901315789473685 0.43796296296296294 0.9769736842105263 0.4527777777777778 0.96875 0.4564814814814815 0.9506578947368421 0.4564814814814815 0.9407894736842105 0.44907407407407407 0.9407894736842105 0.4444444444444444 0.9539473684210527 0.42685185185185187 0.9868421052631579 0.4101851851851852 0.9884868421052632 0.40555555555555556 0.9851973684210527 0.4
1 0.19572368421052633 0.712037037037037 0.23026315789473684 0.7268518518518519 0.24177631578947367 0.7361111111111112 0.23848684210526316 0.7398148148148148 0.2138157894736842 0.7444444444444445 0.1825657894736842 0.7388888888888889 0.17763157894736842 0.7361111111111112 0.16611842105263158 0.7342592592592593 0.15789473684210525 0.7296296296296296 0.15789473684210525 0.7194444444444444 0.17105263157894737 0.712037037037037 0.19407894736842105 0.712037037037037
1 0.6595394736842105 0.4388888888888889 0.6644736842105263 0.4425925925925926 0.6710526315789473 0.44074074074074077 0.6743421052631579 0.44166666666666665 0.6694078947368421 0.45185185185185184 0.6694078947368421 0.475 0.6661184210526315 0.4777777777777778 0.6365131578947368 0.4824074074074074 0.6299342105263158 0.48055555555555557 0.6200657894736842 0.4722222222222222 0.6151315789473685 0.4546296296296296 0.625 0.45092592592592595 0.625 0.44351851851851853 0.6282894736842105 0.44166666666666665 0.6414473684210527 0.43796296296296294 0.6578947368421053 0.4388888888888889
1 0.6677631578947368 0.5351851851851852 0.6743421052631579 0.5361111111111111 0.6842105263157895 0.5416666666666666 0.6842105263157895 0.5481481481481482 0.6743421052631579 0.5611111111111111 0.662828947368421 0.5675925925925925 0.6513157894736842 0.5648148148148148 0.6463815789473685 0.5601851851851852 0.6332236842105263 0.5546296296296296 0.6332236842105263 0.5509259259259259 0.6447368421052632 0.5425925925925926 0.6661184210526315 0.5351851851851852
1 0.2754934210526316 0.8388888888888889 0.09375 0.02962962962962963
1 0.8799342105263158 0.48518518518518516 0.8848684210526315 0.49074074074074076 0.8848684210526315 0.5166666666666667 0.881578947368421 0.524074074074074 0.8717105263157895 0.5324074074074074 0.8651315789473685 0.5324074074074074 0.8618421052631579 0.5296296296296297 0.8569078947368421 0.5157407407407407 0.8536184210526315 0.5138888888888888 0.837171052631579 0.5120370370370371 0.8322368421052632 0.5092592592592593 0.8322368421052632 0.5055555555555555 0.84375 0.49722222222222223 0.8569078947368421 0.4935185185185185 0.8618421052631579 0.4842592592592593 0.8782894736842105 0.48518518518518516