1 0.625 0.4981481481481482 0.6398026315789473 0.5111111111111111 0.6513157894736842 0.5064814814814815 0.6546052631578947 0.5074074074074074 0.6480263157894737 0.5148148148148148 0.6529605263157895 0.5185185185185185 0.6513157894736842 0.5314814814814814 0.6414473684210527 0.5398148148148149 0.6365131578947368 0.5425925925925926 0.6151315789473685 0.5462962962962963 0.6085526315789473 0.5425925925925926 0.6052631578947368 0.5324074074074074 0.5904605263157895 0.5194444444444445 0.5904605263157895 0.5083333333333333 0.618421052631579 0.5037037037037037 0.625 0.49907407407407406
1 0.5953947368421053 0.33055555555555555 0.6052631578947368 0.3388888888888889 0.625 0.34074074074074073 0.6299342105263158 0.34444444444444444 0.6299342105263158 0.35 0.6052631578947368 0.36666666666666664 0.5970394736842105 0.3675925925925926 0.5773026315789473 0.375 0.5493421052631579 0.37222222222222223 0.5460526315789473 0.37037037037037035 0.5460526315789473 0.362962962962963 0.5592105263157895 0.35555555555555557 0.5394736842105263 0.34814814814814815 0.5493421052631579 0.3472222222222222 0.5740131578947368 0.35 0.5838815789473685 0.3453703703703704 0.5888157894736842 0.3398148148148148 0.5904605263157895 0.3314814814814815 0.59375 0.33055555555555555
1 0.7697368421052632 0.5675925925925925 0.7845394736842105 0.5805555555555556 0.8075657894736842 0.5833333333333334 0.8157894736842105 0.5879629629629629 0.8157894736842105 0.5953703703703703 0.8092105263157895 0.6018518518518519 0.7713815789473685 0.6212962962962963 0.7532894736842105 0.6212962962962963 0.7467105263157895 0.6194444444444445 0.7401315789473685 0.6138888888888889 0.7351973684210527 0.6018518518518519 0.7401315789473685 0.5944444444444444 0.7401315789473685 0.587037037037037 0.75 0.5731481481481482 0.7582236842105263 0.5675925925925925 0.7680921052631579 0.5675925925925925
1 0.8963815789473685 0.5083333333333333 0.90625 0.5175925925925926 0.9095394736842105 0.5324074074074074 0.9078947368421053 0.5407407407407407 0.899671052631579 0.5444444444444444 0.8865131578947368 0.5444444444444444 0.8717105263157895 0.5416666666666666 0.84375 0.524074074074074 0.84375 0.5194444444444445 0.8585526315789473 0.5101851851851852 0.8651315789473685 0.5083333333333333 0.881578947368421 0.5101851851851852 0.8947368421052632 0.5083333333333333
1 0.7269736842105263 0.45 0.7335526315789473 0.4546296296296296 0.7351973684210527 0.46944444444444444 0.7286184210526315 0.48333333333333334 0.71875 0.49444444444444446 0.7088815789473685 0.5 0.7072368421052632 0.49537037037037035 0.6957236842105263 0.4898148148148148 0.6957236842105263 0.4759259259259259 0.6924342105263158 0.4740740740740741 0.6842105263157895 0.475 0.6842105263157895 0.47314814814814815 0.6957236842105263 0.4666666666666667 0.7023026315789473 0.4537037037037037 0.712171052631579 0.44907407407407407 0.725328947368421 0.45
1 0.4276315789473684 0.4398148148148148 0.4292763157894737 0.44814814814814813 0.44243421052631576 0.45 0.4473684210526316 0.4527777777777778 0.44901315789473684 0.45740740740740743 0.4457236842105263 0.462037037037037 0.4342105263157895 0.4675925925925926 0.40460526315789475 0.4740740740740741 0.3815789473684211 0.4759259259259259 0.37006578947368424 0.4722222222222222 0.3684210526315789 0.4648148148148148 0.3717105263157895 0.46111111111111114 0.38980263157894735 0.4527777777777778 0.4095394736842105 0.4527777777777778 0.42598684210526316 0.44074074074074077
1 0.5526315789473685 0.65 0.5789473684210527 0.65 0.59375 0.6527777777777778 0.6052631578947368 0.6601851851851852 0.6101973684210527 0.6685185185185185 0.6019736842105263 0.6907407407407408 0.5970394736842105 0.6944444444444444 0.5904605263157895 0.6935185185185185 0.5773026315789473 0.6842592592592592 0.5575657894736842 0.6759259259259259 0.5526315789473685 0.6509259259259259
1 0.8174342105263158 0.17314814814814813 0.8240131578947368 0.175 0.8273026315789473 0.1787037037037037 0.8322368421052632 0.18888888888888888 0.8305921052631579 0.19444444444444445 0.8157894736842105 0.19537037037037036 0.8092105263157895 0.1935185185185185 0.7927631578947368 0.1935185185185185 0.7861842105263158 0.20462962962962963 0.7713815789473685 0.21203703703703702 0.7680921052631579 0.20925925925925926 0.7648026315789473 0.2111111111111111 0.7582236842105263 0.2074074074074074 0.7417763157894737 0.2074074074074074 0.7220394736842105 0.2111111111111111 0.7138157894736842 0.2101851851851852 0.712171052631579 0.20277777777777778 0.7203947368421053 0.1935185185185185 0.7467105263157895 0.18055555555555555 0.7845394736842105 0.17685185185185184 0.8009868421052632 0.17314814814814813 0.8157894736842105 0.17314814814814813
1 0.3125 0.2037037037037037 0.3207236842105263 0.20462962962962963 0.32730263157894735 0.20925925925925926 0.32730263157894735 0.21481481481481482 0.3223684210526316 0.21574074074074073 0.3042763157894737 0.21481481481481482 0.28289473684210525 0.2111111111111111 0.28618421052631576 0.2064814814814815 0.31085526315789475 0.2037037037037037
1 0.0625 0.7652777777777777 0.05263157894736842 0.058333333333333334
1 0.4555921052631579 0.6787037037037037 0.4621710526315789 0.6824074074074075 0.4769736842105263 0.700925925925926 0.4753289473684211 0.7175925925925926 0.48026315789473684 0.725925925925926 0.4819078947368421 0.7398148148148148 0.4769736842105263 0.7592592592592593 0.46875 0.7648148148148148 0.4555921052631579 0.7675925925925926 0.4440789473684211 0.7675925925925926 0.4292763157894737 0.7648148148148148 0.4144736842105263 0.7546296296296297 0.41118421052631576 0.7444444444444445 0.4128289473684211 0.7157407407407408 0.4095394736842105 0.7064814814814815 0.4095394736842105 0.7027777777777777 0.4243421052631579 0.6814814814814815 0.4292763157894737 0.6787037037037037 0.45394736842105265 0.6787037037037037
1 0.6595394736842105 0.6 0.6677631578947368 0.6037037037037037 0.6726973684210527 0.6092592592592593 0.6743421052631579 0.6212962962962963 0.6611842105263158 0.6444444444444445 0.6480263157894737 0.6481481481481481 0.6299342105263158 0.6453703703703704 0.625 0.6333333333333333 0.618421052631579 0.6259259259259259 0.625 0.6222222222222222 0.6299342105263158 0.612037037037037 0.6513157894736842 0.5990740740740741 0.6578947368421053 0.6
1 0.38980263157894735 0.5444444444444444 0.4144736842105263 0.5546296296296296 0.4194078947368421 0.5638888888888889 0.4309210526315789 0.5703703703703704 0.4309210526315789 0.5740740740740741 0.40789473684210525 0.587037037037037 0.3980263157894737 0.5962962962962963 0.3832236842105263 0.6027777777777777 0.37335526315789475 0.6027777777777777 0.34210526315789475 0.5814814814814815 0.33223684210526316 0.5592592592592592 0.33223684210526316 0.5527777777777778 0.3371710526315789 0.549074074074074 0.3404605263157895 0.549074074074074 0.3503289473684211 0.5564814814814815 0.3684210526315789 0.5564814814814815 0.3832236842105263 0.5462962962962963 0.3881578947368421 0.5453703703703704
1 0.7894736842105263 0.4898148148148148 0.8108552631578947 0.49444444444444446 0.8108552631578947 0.5175925925925926 0.8026315789473685 0.5305555555555556 0.787828947368421 0.5351851851851852 0.774671052631579 0.5351851851851852 0.7598684210526315 0.5314814814814814 0.7631578947368421 0.5212962962962963 0.7615131578947368 0.5 0.7713815789473685 0.49907407407407406 0.787828947368421 0.4898148148148148
1 0.3355263157894737 0.6787037037037037 0.34210526315789475 0.6842592592592592 0.34210526315789475 0.6944444444444444 0.3371710526315789 0.700925925925926 0.32894736842105265 0.7037037037037037 0.3207236842105263 0.7037037037037037 0.3125 0.6981481481481482 0.31085526315789475 0.687962962962963 0.3207236842105263 0.6787037037037037 0.3338815789473684 0.6787037037037037
1 0.3305921052631579 0.6777777777777778 0.34210526315789475 0.6851851851851852 0.34210526315789475 0.7083333333333334 0.36348684210526316 0.7194444444444444 0.36348684210526316 0.725 0.37335526315789475 0.7407407407407407 0.3717105263157895 0.7472222222222222 0.36348684210526316 0.7509259259259259 0.3404605263157895 0.7518518518518519 0.3371710526315789 0.7537037037037037 0.3371710526315789 0.7611111111111111 0.3338815789473684 0.762962962962963 0.3207236842105263 0.762962962962963 0.3092105263157895 0.7555555555555555 0.29769736842105265 0.7518518518518519 0.28125 0.7407407407407407 0.2779605263157895 0.7351851851851852 0.27960526315789475 0.7268518518518519 0.29605263157894735 0.7194444444444444 0.2993421052631579 0.7129629629629629 0.3092105263157895 0.7092592592592593 0.31414473684210525 0.7027777777777777 0.31085526315789475 0.6972222222222222 0.3125 0.6851851851851852 0.3190789473684211 0.6796296296296296 0.32894736842105265 0.6787037037037037
1 0.9654605263157895 0.7175925925925926 0.9901315789473685 0.7212962962962963 0.9983552631578947 0.725925925925926 0.9983552631578947 0.7361111111111112 0.9901315789473685 0.7398148148148148 0.9539473684210527 0.7379629629629629 0.944078947368421 0.7333333333333333 0.944078947368421 0.7231481481481481 0.9490131578947368 0.7175925925925926 0.9638157894736842 0.7175925925925926
1 0.37335526315789475 0.08981481481481482 0.38651315789473684 0.09351851851851851 0.40131578947368424 0.09166666666666666 0.4342105263157895 0.10185185185185185 0.4440789473684211 0.10185185185185185 0.45723684210526316 0.10555555555555556 0.4769736842105263 0.11574074074074074 0.4819078947368421 0.12222222222222222 0.48026315789473684 0.1259259259259259 0.4588815789473684 0.12777777777777777 0.4407894736842105 0.12407407407407407 0.4375 0.1259259259259259 0.43914473684210525 0.13333333333333333 0.43256578947368424 0.1398148148148148 0.4276315789473684 0.1388888888888889 0.42269736842105265 0.13240740740740742 0.42269736842105265 0.1259259259259259 0.41776315789473684 0.12129629629629629 0.4128289473684211 0.12129629629629629 0.40625 0.1259259259259259 0.4029605263157895 0.1259259259259259 0.39144736842105265 0.11666666666666667 0.37664473684210525 0.11666666666666667 0.37006578947368424 0.11018518518518519 0.35855263157894735 0.11018518518518519 0.35526315789473684 0.10833333333333334 0.36019736842105265 0.09537037037037037 0.3651315789473684 0.09166666666666666 0.3717105263157895 0.09074074074074075
1 0.9703947368421053 0.5453703703703704 0.9769736842105263 0.549074074074074 0.9950657894736842 0.5731481481481482 0.9950657894736842 0.5861111111111111 0.9901315789473685 0.5916666666666667 0.9851973684210527 0.5944444444444444 0.9671052631578947 0.5916666666666667 0.9358552631578947 0.5740740740740741 0.944078947368421 0.5527777777777778 0.9555921052631579 0.5481481481481482 0.96875 0.5462962962962963
1 0.5657894736842105 0.5916666666666667 0.5756578947368421 0.5944444444444444 0.5773026315789473 0.6 0.5838815789473685 0.6055555555555555 0.587171052631579 0.6175925925925926 0.5855263157894737 0.6231481481481481 0.5740131578947368 0.6333333333333333 0.5608552631578947 0.6370370370370371 0.5509868421052632 0.6351851851851852 0.537828947368421 0.6277777777777778 0.5213815789473685 0.6268518518518519 0.5213815789473685 0.6231481481481481 0.5263157894736842 0.6185185185185185 0.5263157894736842 0.6092592592592593 0.5197368421052632 0.5981481481481481 0.5345394736842105 0.5981481481481481 0.5460526315789473 0.5925925925925926 0.5641447368421053 0.5916666666666667
1 0.65625 0.5351851851851852 0.6677631578947368 0.5416666666666666 0.6875 0.5462962962962963 0.7055921052631579 0.5564814814814815 0.7105263157894737 0.5611111111111111 0.712171052631579 0.5675925925925925 0.7023026315789473 0.5703703703703704 0.6743421052631579 0.5638888888888889 0.6677631578947368 0.5638888888888889 0.6578947368421053 0.5685185185185185 0.6414473684210527 0.5685185185185185 0.6447368421052632 0.5638888888888889 0.6430921052631579 0.5574074074074075 0.6365131578947368 0.5537037037037037 0.625 0.5518518518518518 0.618421052631579 0.5462962962962963 0.6365131578947368 0.5416666666666666 0.6480263157894737 0.5342592592592592 0.6546052631578947 0.5351851851851852
1 0.71875 0.287962962962963 0.7220394736842105 0.287962962962963 0.7236842105263158 0.29444444444444445 0.7368421052631579 0.3 0.7384868421052632 0.30648148148148147 0.7351973684210527 0.3101851851851852 0.7023026315789473 0.32592592592592595 0.6924342105263158 0.3287037037037037 0.6743421052631579 0.3296296296296296 0.6595394736842105 0.3277777777777778 0.6513157894736842 0.32407407407407407 0.6529605263157895 0.31666666666666665 0.6677631578947368 0.3055555555555556 0.6611842105263158 0.2962962962962963 0.6776315789473685 0.2972222222222222 0.6776315789473685 0.2916666666666667 0.680921052631579 0.2916666666666667 0.6973684210526315 0.2972222222222222 0.7039473684210527 0.2972222222222222 0.7138157894736842 0.2953703703703704 0.71875 0.28888888888888886
1 0.7319078947368421 0.7111111111111111 0.7648026315789473 0.7305555555555555 0.7796052631578947 0.7444444444444445 0.7828947368421053 0.7518518518518519 0.7713815789473685 0.7592592592592593 0.7615131578947368 0.7592592592592593 0.7401315789473685 0.7537037037037037 0.7105263157894737 0.7351851851851852 0.6990131578947368 0.7324074074074074 0.694078947368421 0.7287037037037037 0.6907894736842105 0.7222222222222222 0.6924342105263158 0.7138888888888889 0.7006578947368421 0.7138888888888889 0.71875 0.7092592592592593 0.7302631578947368 0.7111111111111111
1 0.3305921052631579 0.7157407407407408 0.34539473684210525 0.7148148148148148 0.3536184210526316 0.7194444444444444 0.35855263157894735 0.7194444444444444 0.37335526315789475 0.7407407407407407 0.37006578947368424 0.7490740740740741 0.34210526315789475 0.7546296296296297 0.3404605263157895 0.762962962962963 0.3338815789473684 0.7666666666666667 0.3190789473684211 0.7666666666666667 0.28125 0.7462962962962963 0.2730263157894737 0.7361111111111112 0.27631578947368424 0.7268518518518519 0.29276315789473684 0.7203703703703703 0.2993421052631579 0.7185185185185186 0.31085526315789475 0.7194444444444444 0.3305921052631579 0.7166666666666667
1 0.8618421052631579 0.4740740740740741 0.8667763157894737 0.4759259259259259 0.8717105263157895 0.48333333333333334 0.881578947368421 0.48333333333333334 0.9013157894736842 0.4888888888888889 0.90625 0.4935185185185185 0.90625 0.49907407407407406 0.8963815789473685 0.5064814814814815 0.8914473684210527 0.5064814814814815 0.8832236842105263 0.5101851851851852 0.8651315789473685 0.5092592592592593 0.8470394736842105 0.5175925925925926 0.84375 0.5175925925925926 0.8289473684210527 0.5083333333333333 0.8289473684210527 0.5027777777777778 0.8355263157894737 0.49537037037037035 0.8421052631578947 0.475 0.8470394736842105 0.47314814814814815 0.8601973684210527 0.4740740740740741
1 0.46875 0.5046296296296297 0.4753289473684211 0.5083333333333333 0.4786184210526316 0.5175925925925926 0.4753289473684211 0.5361111111111111 0.4588815789473684 0.5518518518518518 0.44901315789473684 0.5574074074074075 0.43914473684210525 0.5592592592592592 0.4243421052631579 0.5574074074074075 0.40789473684210525 0.5481481481481482 0.38980263157894735 0.5444444444444444 0.38980263157894735 0.5296296296296297 0.3963815789473684 0.5222222222222223 0.40460526315789475 0.5175925925925926 0.40625 0.5046296296296297 0.4128289473684211 0.5 0.41776315789473684 0.49907407407407406 0.4309210526315789 0.5074074074074074 0.4407894736842105 0.5074074074074074 0.45394736842105265 0.5037037037037037 0.46710526315789475 0.5046296296296297
1 0.8519736842105263 0.5398148148148149 0.8601973684210527 0.5472222222222223 0.8585526315789473 0.5546296296296296 0.8618421052631579 0.5611111111111111 0.8519736842105263 0.5666666666666667 0.8486842105263158 0.5722222222222222 0.8388157894736842 0.5787037037037037 0.8223684210526315 0.5777777777777777 0.8141447368421053 0.5703703703703704 0.8108552631578947 0.5611111111111111 0.8108552631578947 0.5444444444444444 0.8125 0.5407407407407407 0.8240131578947368 0.5425925925925926 0.8338815789473685 0.5388888888888889 0.850328947368421 0.5398148148148149