1 0.649671052631579 0.32685185185185184 0.6661184210526315 0.33425925925925926 0.6743421052631579 0.34444444444444444 0.6924342105263158 0.35462962962962963 0.6990131578947368 0.36203703703703705 0.6990131578947368 0.37222222222222223 0.694078947368421 0.37592592592592594 0.6759868421052632 0.375 0.6611842105263158 0.3685185185185185 0.65625 0.36203703703703705 0.6332236842105263 0.35185185185185186 0.6134868421052632 0.33611111111111114 0.6200657894736842 0.3277777777777778 0.6266447368421053 0.325 0.6332236842105263 0.32407407407407407 0.6365131578947368 0.32592592592592595 0.6480263157894737 0.32685185185185184
1 0.600328947368421 0.3509259259259259 0.6036184210526315 0.35185185185185186 0.6019736842105263 0.362962962962963 0.5888157894736842 0.37592592592592594 0.5740131578947368 0.3824074074074074 0.5641447368421053 0.38055555555555554 0.5641447368421053 0.36574074074074076 0.5740131578947368 0.35555555555555557 0.5904605263157895 0.3509259259259259 0.5986842105263158 0.3509259259259259
1 0.5592105263157895 0.3435185185185185 0.03618421052631579 0.024074074074074074
1 0.6480263157894737 0.2962962962962963 0.6513157894736842 0.29907407407407405 0.649671052631579 0.31203703703703706 0.6365131578947368 0.32222222222222224 0.6266447368421053 0.32407407407407407 0.6167763157894737 0.3212962962962963 0.6200657894736842 0.3111111111111111 0.6332236842105263 0.2972222222222222 0.6365131578947368 0.2953703703703704 0.6463815789473685 0.2962962962962963
1 0.7401315789473685 0.29444444444444445 0.7516447368421053 0.30092592592592593 0.7532894736842105 0.3138888888888889 0.7401315789473685 0.31666666666666665 0.7220394736842105 0.32592592592592595 0.712171052631579 0.32592592592592595 0.7072368421052632 0.32222222222222224 0.712171052631579 0.30833333333333335 0.7269736842105263 0.2953703703703704 0.7384868421052632 0.29444444444444445
1 0.8634868421052632 0.2972222222222222 0.8881578947368421 0.30462962962962964 0.90625 0.3175925925925926 0.8963815789473685 0.32222222222222224 0.8898026315789473 0.32222222222222224 0.875 0.3175925925925926 0.8618421052631579 0.32314814814814813 0.8569078947368421 0.32222222222222224 0.8552631578947368 0.31666666666666665 0.8404605263157895 0.3037037037037037 0.8453947368421053 0.2962962962962963 0.8618421052631579 0.2972222222222222
1 0.4144736842105263 0.2638888888888889 0.42105263157894735 0.26851851851851855 0.4194078947368421 0.275 0.40625 0.28888888888888886 0.39473684210526316 0.2953703703703704 0.38980263157894735 0.2953703703703704 0.3782894736842105 0.2898148148148148 0.3815789473684211 0.27685185185185185 0.3848684210526316 0.2722222222222222 0.39144736842105265 0.27037037037037037 0.3996710526315789 0.2638888888888889 0.4128289473684211 0.2638888888888889
1 0.3963815789473684 0.29444444444444445 0.42269736842105265 0.30648148148148147 0.42598684210526316 0.3138888888888889 0.42269736842105265 0.31574074074074077 0.3996710526315789 0.3138888888888889 0.38651315789473684 0.3212962962962963 0.3848684210526316 0.30648148148148147 0.37664473684210525 0.3 0.37664473684210525 0.2953703703703704 0.3832236842105263 0.30092592592592593 0.3848684210526316 0.2972222222222222 0.39473684210526316 0.29444444444444445
1 0.22039473684210525 0.2851851851851852 0.22697368421052633 0.28888888888888886 0.23684210526315788 0.28703703703703703 0.24177631578947367 0.287962962962963 0.2450657894736842 0.29444444444444445 0.2450657894736842 0.3037037037037037 0.23190789473684212 0.31296296296296294 0.22203947368421054 0.3175925925925926 0.20888157894736842 0.31666666666666665 0.20394736842105263 0.31203703703703706 0.20394736842105263 0.3055555555555556 0.20723684210526316 0.3 0.21710526315789475 0.2935185185185185 0.22039473684210525 0.2861111111111111
1 0.19407894736842105 0.2759259259259259 0.20230263157894737 0.28425925925925927 0.20230263157894737 0.29259259259259257 0.19901315789473684 0.3 0.1924342105263158 0.30462962962962964 0.17763157894736842 0.30185185185185187 0.16776315789473684 0.30277777777777776 0.14967105263157895 0.2953703703703704 0.1513157894736842 0.2861111111111111 0.16447368421052633 0.27870370370370373 0.17927631578947367 0.275 0.1924342105263158 0.2759259259259259
1 0.23190789473684212 0.23703703703703705 0.23519736842105263 0.2388888888888889 0.23519736842105263 0.25092592592592594 0.2236842105263158 0.262037037037037 0.20559210526315788 0.26944444444444443 0.19407894736842105 0.26851851851851855 0.18914473684210525 0.2611111111111111 0.18914473684210525 0.25462962962962965 0.20394736842105263 0.24074074074074073 0.22039473684210525 0.2361111111111111 0.23026315789473684 0.23703703703703705
1 0.22039473684210525 0.36203703703703705 0.23519736842105263 0.362962962962963 0.2532894736842105 0.37037037037037035 0.2532894736842105 0.37407407407407406 0.24671052631578946 0.3814814814814815 0.24177631578947367 0.38333333333333336 0.23355263157894737 0.38333333333333336 0.21710526315789475 0.37962962962962965 0.20723684210526316 0.37407407407407406 0.20559210526315788 0.36944444444444446 0.20888157894736842 0.36574074074074076 0.21875 0.36203703703703705
1 0.23684210526315788 0.39537037037037037 0.24342105263157895 0.3990740740740741 0.2532894736842105 0.4101851851851852 0.25164473684210525 0.4166666666666667 0.24342105263157895 0.41944444444444445 0.22203947368421054 0.41574074074074074 0.21217105263157895 0.40925925925925927 0.21217105263157895 0.4027777777777778 0.21546052631578946 0.3990740740740741 0.22697368421052633 0.39537037037037037 0.23519736842105263 0.39537037037037037
1 0.19901315789473684 0.3731481481481482 0.20559210526315788 0.37777777777777777 0.20559210526315788 0.38425925925925924 0.19901315789473684 0.38981481481481484 0.17763157894736842 0.3990740740740741 0.16940789473684212 0.39814814814814814 0.16447368421052633 0.39166666666666666 0.16940789473684212 0.38333333333333336 0.18585526315789475 0.375 0.19736842105263158 0.37407407407407406
1 0.17763157894736842 0.4648148148148148 0.18092105263157895 0.4675925925925926 0.19572368421052633 0.4666666666666667 0.19901315789473684 0.4648148148148148 0.20230263157894737 0.4666666666666667 0.20888157894736842 0.46574074074074073 0.21710526315789475 0.4685185185185185 0.21710526315789475 0.4740740740740741 0.19078947368421054 0.487962962962963 0.16447368421052633 0.4888888888888889 0.15296052631578946 0.49166666666666664 0.14144736842105263 0.49166666666666664 0.13486842105263158 0.4888888888888889 0.13486842105263158 0.48703703703703705 0.14638157894736842 0.47685185185185186 0.16940789473684212 0.46574074074074073 0.17598684210526316 0.4648148148148148
1 0.45230263157894735 0.3787037037037037 0.4588815789473684 0.37962962962962965 0.4654605263157895 0.38333333333333336 0.4720394736842105 0.39444444444444443 0.48026315789473684 0.4009259259259259 0.4868421052631579 0.41388888888888886 0.48519736842105265 0.4222222222222222 0.48026315789473684 0.425 0.4753289473684211 0.42407407407407405 0.4654605263157895 0.4212962962962963 0.4588815789473684 0.4166666666666667 0.44243421052631576 0.38981481481481484 0.4440789473684211 0.38425925925925924 0.4506578947368421 0.37962962962962965
1 0.5296052631578947 0.3861111111111111 0.5345394736842105 0.3925925925925926 0.5328947368421053 0.39814814814814814 0.5164473684210527 0.4064814814814815 0.5098684210526315 0.4064814814814815 0.5032894736842105 0.40370370370370373 0.5016447368421053 0.3972222222222222 0.5148026315789473 0.3851851851851852 0.524671052631579 0.38425925925925924 0.5279605263157895 0.3861111111111111
1 0.5608552631578947 0.3907407407407407 0.5723684210526315 0.3962962962962963 0.5723684210526315 0.4064814814814815 0.5674342105263158 0.4185185185185185 0.5575657894736842 0.42592592592592593 0.5542763157894737 0.42592592592592593 0.5427631578947368 0.41759259259259257 0.5411184210526315 0.40925925925925927 0.5345394736842105 0.40370370370370373 0.5345394736842105 0.39444444444444443 0.5361842105263158 0.3925925925925926 0.537828947368421 0.39351851851851855 0.5526315789473685 0.38981481481481484 0.5592105263157895 0.3907407407407407
1 0.32730263157894735 0.4546296296296296 0.3470394736842105 0.4546296296296296 0.3536184210526316 0.45925925925925926 0.3519736842105263 0.4648148148148148 0.3404605263157895 0.4777777777777778 0.3305921052631579 0.48333333333333334 0.3207236842105263 0.4787037037037037 0.3125 0.47129629629629627 0.32730263157894735 0.45555555555555555
1 0.3782894736842105 0.3888888888888889 0.3881578947368421 0.3925925925925926 0.41118421052631576 0.3925925925925926 0.44243421052631576 0.4046296296296296 0.44243421052631576 0.40925925925925927 0.43585526315789475 0.412962962962963 0.41776315789473684 0.41574074074074074 0.4095394736842105 0.4203703703703704 0.4029605263157895 0.42777777777777776 0.3963815789473684 0.42685185185185187 0.37664473684210525 0.4148148148148148 0.3371710526315789 0.4111111111111111 0.32894736842105265 0.4046296296296296 0.32894736842105265 0.3925925925925926 0.33223684210526316 0.3907407407407407 0.33881578947368424 0.3888888888888889 0.36019736842105265 0.38796296296296295 0.37664473684210525 0.3888888888888889
1 0.15296052631578946 0.4101851851851852 0.15953947368421054 0.4166666666666667 0.15789473684210525 0.42592592592592593 0.14967105263157895 0.4305555555555556 0.13322368421052633 0.43425925925925923 0.11677631578947369 0.43333333333333335 0.11019736842105263 0.4287037037037037 0.1118421052631579 0.4222222222222222 0.12171052631578948 0.4148148148148148 0.12828947368421054 0.4166666666666667 0.13980263157894737 0.41574074074074074 0.1513157894736842 0.4101851851851852
1 0.07401315789473684 0.5435185185185185 0.08717105263157894 0.549074074074074 0.08881578947368421 0.5574074074074075 0.08388157894736842 0.5601851851851852 0.0625 0.5583333333333333 0.05263157894736842 0.5537037037037037 0.05263157894736842 0.5472222222222223 0.05756578947368421 0.5435185185185185 0.07236842105263158 0.5435185185185185
1 0.12664473684210525 0.5314814814814814 0.12828947368421054 0.5388888888888889 0.12335526315789473 0.5425925925925926 0.11513157894736842 0.5444444444444444 0.09868421052631579 0.5407407407407407 0.09539473684210527 0.5342592592592592 0.10855263157894737 0.5287037037037037 0.11677631578947369 0.5287037037037037 0.125 0.5314814814814814
1 0.8536184210526315 0.3787037037037037 0.8552631578947368 0.3888888888888889 0.8519736842105263 0.3962962962962963 0.8453947368421053 0.40185185185185185 0.8305921052631579 0.4046296296296296 0.8289473684210527 0.39537037037037037 0.8322368421052632 0.38981481481481484 0.8404605263157895 0.3814814814814815 0.8519736842105263 0.3787037037037037
1 0.7516447368421053 0.3333333333333333 0.7598684210526315 0.3416666666666667 0.7713815789473685 0.3435185185185185 0.7779605263157895 0.3472222222222222 0.7828947368421053 0.35555555555555557 0.8009868421052632 0.36944444444444446 0.8009868421052632 0.3731481481481482 0.7861842105263158 0.38055555555555554 0.774671052631579 0.37592592592592594 0.7631578947368421 0.3648148148148148 0.75 0.3592592592592593 0.7203947368421053 0.35648148148148145 0.7203947368421053 0.3490740740740741 0.7319078947368421 0.3398148148148148 0.7351973684210527 0.3333333333333333 0.75 0.3333333333333333
1 0.7911184210526315 0.26851851851851855 0.8009868421052632 0.2712962962962963 0.7993421052631579 0.2759259259259259 0.7927631578947368 0.27870370370370373 0.7845394736842105 0.28703703703703703 0.7615131578947368 0.29259259259259257 0.7450657894736842 0.29074074074074074 0.7401315789473685 0.287962962962963 0.743421052631579 0.28055555555555556 0.7516447368421053 0.2759259259259259 0.7598684210526315 0.275 0.7680921052631579 0.2712962962962963 0.7894736842105263 0.26851851851851855
1 0.8963815789473685 0.23425925925925925 0.9029605263157895 0.23981481481481481 0.9029605263157895 0.25277777777777777 0.9095394736842105 0.2657407407407407 0.9078947368421053 0.2675925925925926 0.8980263157894737 0.26851851851851855 0.881578947368421 0.2740740740740741 0.8782894736842105 0.27314814814814814 0.8782894736842105 0.2638888888888889 0.8651315789473685 0.25462962962962965 0.8651315789473685 0.2490740740740741 0.8799342105263158 0.24537037037037038 0.881578947368421 0.2361111111111111 0.8848684210526315 0.23333333333333334 0.8947368421052632 0.23425925925925925
1 0.9736842105263158 0.2972222222222222 0.9671052631578947 0.2962962962962963 0.9555921052631579 0.2898148148148148 0.9523026315789473 0.2777777777777778 0.9555921052631579 0.2759259259259259 0.9638157894736842 0.2759259259259259 0.975328947368421 0.2824074074074074 0.9802631578947368 0.287962962962963 0.9802631578947368 0.29444444444444445 0.975328947368421 0.2962962962962963
1 0.6842105263157895 0.19444444444444445 0.6924342105263158 0.19722222222222222 0.6973684210526315 0.20277777777777778 0.7006578947368421 0.225 0.7088815789473685 0.23703703703703705 0.7088815789473685 0.24444444444444444 0.7055921052631579 0.24814814814814815 0.6990131578947368 0.25092592592592594 0.6891447368421053 0.25092592592592594 0.6776315789473685 0.2462962962962963 0.6743421052631579 0.24166666666666667 0.6726973684210527 0.22037037037037038 0.6644736842105263 0.20925925925925926 0.662828947368421 0.20092592592592592 0.6710526315789473 0.1962962962962963 0.6825657894736842 0.19537037037037036
1 0.03618421052631579 0.11574074074074074 0.05921052631578947 0.1259259259259259 0.07894736842105263 0.1425925925925926 0.08388157894736842 0.15185185185185185 0.08388157894736842 0.16203703703703703 0.07894736842105263 0.16666666666666666 0.06907894736842106 0.1648148148148148 0.054276315789473686 0.15462962962962962 0.039473684210526314 0.15555555555555556 0.04111842105263158 0.14722222222222223 0.024671052631578948 0.13425925925925927 0.018092105263157895 0.1259259259259259 0.018092105263157895 0.11851851851851852 0.02631578947368421 0.11574074074074074 0.03453947368421053 0.11574074074074074
1 0.5032894736842105 0.2657407407407407 0.5148026315789473 0.26851851851851855 0.5180921052631579 0.2759259259259259 0.53125 0.2824074074074074 0.5180921052631579 0.2824074074074074 0.506578947368421 0.28703703703703703 0.4934210526315789 0.28425925925925927 0.4786184210526316 0.27314814814814814 0.4786184210526316 0.26851851851851855 0.48519736842105265 0.26481481481481484 0.49506578947368424 0.2638888888888889 0.5016447368421053 0.2657407407407407
1 0.29276315789473684 0.7907407407407407 0.3026315789473684 0.7935185185185185 0.31743421052631576 0.8101851851851852 0.31414473684210525 0.8166666666666667 0.3092105263157895 0.8194444444444444 0.30098684210526316 0.8194444444444444 0.28618421052631576 0.8111111111111111 0.2779605263157895 0.8101851851851852 0.27960526315789475 0.8027777777777778 0.2911184210526316 0.7916666666666666
1 0.90625 0.8203703703703704 0.912828947368421 0.8222222222222222 0.9177631578947368 0.8268518518518518 0.9210526315789473 0.8351851851851851 0.9194078947368421 0.8444444444444444 0.9144736842105263 0.8462962962962963 0.9046052631578947 0.8462962962962963 0.8914473684210527 0.8388888888888889 0.8865131578947368 0.8277777777777777 0.9046052631578947 0.8212962962962963
1 0.8881578947368421 0.8518518518518519 0.8930921052631579 0.8555555555555555 0.8947368421052632 0.8648148148148148 0.8947368421052632 0.8759259259259259 0.8898026315789473 0.8814814814814815 0.875 0.8796296296296297 0.868421052631579 0.8657407407407407 0.8700657894736842 0.8546296296296296 0.8766447368421053 0.850925925925926 0.8865131578947368 0.8518518518518519
1 0.9342105263157895 0.9194444444444444 0.944078947368421 0.9231481481481482 0.9588815789473685 0.9333333333333333 0.962171052631579 0.9435185185185185 0.9572368421052632 0.9453703703703704 0.9490131578947368 0.9435185185185185 0.9276315789473685 0.9314814814814815 0.9226973684210527 0.925 0.9243421052631579 0.9222222222222223 0.9325657894736842 0.9194444444444444
1 0.5361842105263158 0.6777777777777778 0.5476973684210527 0.6796296296296296 0.5509868421052632 0.6824074074074075 0.5460526315789473 0.6935185185185185 0.524671052631579 0.7037037037037037 0.5164473684210527 0.7027777777777777 0.5082236842105263 0.6972222222222222 0.5098684210526315 0.6898148148148148 0.5345394736842105 0.6787037037037037
1 0.40625 0.43703703703703706 0.41776315789473684 0.46111111111111114 0.4161184210526316 0.4777777777777778 0.41118421052631576 0.48518518518518516 0.40460526315789475 0.4888888888888889 0.3980263157894737 0.4898148148148148 0.3930921052631579 0.4888888888888889 0.38980263157894735 0.47962962962962963 0.3782894736842105 0.4675925925925926 0.3782894736842105 0.462037037037037 0.3963815789473684 0.43796296296296294 0.40460526315789475 0.43703703703703706
1 0.47368421052631576 0.4564814814814815 0.4819078947368421 0.45925925925925926 0.4901315789473684 0.4740740740740741 0.4819078947368421 0.475 0.48026315789473684 0.47685185185185186 0.4654605263157895 0.47685185185185186 0.4605263157894737 0.47314814814814815 0.4621710526315789 0.46296296296296297 0.4654605263157895 0.45925925925925926 0.4720394736842105 0.45740740740740743