1 0.3412828947368421 0.4666666666666667 0.027960526315789474 0.022222222222222223
1 0.3930921052631579 0.512962962962963 0.3996710526315789 0.5157407407407407 0.3930921052631579 0.5370370370370371 0.38651315789473684 0.537962962962963 0.37993421052631576 0.5361111111111111 0.3832236842105263 0.5175925925925926 0.39144736842105265 0.5138888888888888
1 0.17434210526315788 0.49907407407407406 0.17763157894736842 0.5009259259259259 0.19078947368421054 0.5 0.19901315789473684 0.5046296296296297 0.19901315789473684 0.5083333333333333 0.19078947368421054 0.512962962962963 0.17763157894736842 0.5166666666666667 0.16776315789473684 0.5185185185185185 0.15460526315789475 0.5175925925925926 0.1513157894736842 0.5148148148148148 0.15460526315789475 0.5046296296296297 0.16447368421052633 0.5046296296296297 0.17269736842105263 0.5
1 0.11513157894736842 0.47962962962962963 0.12171052631578948 0.48518518518518516 0.11348684210526316 0.49074074074074076 0.08223684210526316 0.49722222222222223 0.07072368421052631 0.49722222222222223 0.06743421052631579 0.49537037037037035 0.07236842105263158 0.48148148148148145 0.08717105263157894 0.47962962962962963 0.09375 0.47685185185185186 0.10855263157894737 0.47685185185185186 0.11348684210526316 0.47962962962962963
1 0.06743421052631579 0.4351851851851852 0.07401315789473684 0.4388888888888889 0.07401315789473684 0.4527777777777778 0.0625 0.462037037037037 0.046052631578947366 0.45925925925925926 0.04276315789473684 0.4564814814814815 0.04276315789473684 0.44074074074074077 0.06578947368421052 0.4351851851851852
1 0.16611842105263158 0.4009259259259259 0.17269736842105263 0.40370370370370373 0.17598684210526316 0.41203703703703703 0.16940789473684212 0.42314814814814816 0.15953947368421054 0.4287037037037037 0.1513157894736842 0.4287037037037037 0.13486842105263158 0.4212962962962963 0.14638157894736842 0.4027777777777778 0.1513157894736842 0.4 0.16447368421052633 0.4009259259259259
1 0.2450657894736842 0.34444444444444444 0.25493421052631576 0.3490740740740741 0.26151315789473684 0.35555555555555557 0.26151315789473684 0.3675925925925926 0.2582236842105263 0.3731481481481482 0.24835526315789475 0.37592592592592594 0.24013157894736842 0.375 0.23355263157894737 0.3712962962962963 0.22861842105263158 0.3611111111111111 0.23026315789473684 0.35 0.24342105263157895 0.34444444444444444
1 0.26151315789473684 0.5175925925925926 0.26644736842105265 0.5212962962962963 0.26644736842105265 0.5305555555555556 0.2598684210526316 0.5407407407407407 0.2532894736842105 0.5407407407407407 0.25 0.5388888888888889 0.24177631578947367 0.5296296296296297 0.24671052631578946 0.5185185185185185 0.25 0.5166666666666667 0.2598684210526316 0.5175925925925926
1 0.2713815789473684 0.525 0.2845394736842105 0.5212962962962963 0.29769736842105265 0.5222222222222223 0.29605263157894735 0.5370370370370371 0.2845394736842105 0.5425925925925926 0.2730263157894737 0.5388888888888889 0.2713815789473684 0.5259259259259259
1 0.30098684210526316 0.5416666666666666 0.31085526315789475 0.5462962962962963 0.3157894736842105 0.5518518518518518 0.31414473684210525 0.5611111111111111 0.3042763157894737 0.5638888888888889 0.29276315789473684 0.562037037037037 0.2911184210526316 0.5592592592592592 0.2894736842105263 0.5435185185185185 0.2993421052631579 0.5416666666666666
1 0.4621710526315789 0.4666666666666667 0.4654605263157895 0.4703703703703704 0.4654605263157895 0.4777777777777778 0.4605263157894737 0.4861111111111111 0.4555921052631579 0.487962962962963 0.44243421052631576 0.48703703703703705 0.43585526315789475 0.48055555555555557 0.44243421052631576 0.4675925925925926 0.4605263157894737 0.4666666666666667
1 0.40789473684210525 0.4722222222222222 0.40625 0.4638888888888889 0.4194078947368421 0.4462962962962963 0.42598684210526316 0.4425925925925926 0.4309210526315789 0.4425925925925926 0.4407894736842105 0.44722222222222224 0.4407894736842105 0.45555555555555555 0.43585526315789475 0.46574074074074073 0.42105263157894735 0.475 0.40789473684210525 0.47314814814814815
1 0.3404605263157895 0.5157407407407407 0.3470394736842105 0.5212962962962963 0.3470394736842105 0.5277777777777778 0.33223684210526316 0.5388888888888889 0.3305921052631579 0.5444444444444444 0.3190789473684211 0.5351851851851852 0.31743421052631576 0.5287037037037037 0.32401315789473684 0.5185185185185185 0.32730263157894735 0.5166666666666667 0.33881578947368424 0.5157407407407407
1 0.5279605263157895 0.44814814814814813 0.53125 0.4703703703703704 0.5279605263157895 0.4777777777777778 0.5197368421052632 0.48333333333333334 0.5131578947368421 0.4824074074074074 0.506578947368421 0.47685185185185186 0.5049342105263158 0.45925925925925926 0.5082236842105263 0.45092592592592595 0.5263157894736842 0.44814814814814813
1 0.5625 0.4648148148148148 0.5674342105263158 0.4685185185185185 0.5707236842105263 0.47685185185185186 0.5707236842105263 0.4925925925925926 0.5674342105263158 0.4935185185185185 0.5592105263157895 0.49074074074074076 0.5526315789473685 0.48055555555555557 0.5542763157894737 0.4666666666666667 0.5608552631578947 0.4648148148148148
1 0.6052631578947368 0.4027777777777778 0.618421052631579 0.40370370370370373 0.6332236842105263 0.40185185185185185 0.6414473684210527 0.4064814814814815 0.6447368421052632 0.412962962962963 0.6019736842105263 0.43333333333333335 0.5625 0.43333333333333335 0.5592105263157895 0.43148148148148147 0.5592105263157895 0.425 0.5657894736842105 0.4203703703703704 0.587171052631579 0.41203703703703703 0.5953947368421053 0.40370370370370373 0.6036184210526315 0.4027777777777778
1 0.7351973684210527 0.3962962962962963 0.7450657894736842 0.4 0.7516447368421053 0.40925925925925927 0.7351973684210527 0.42962962962962964 0.7220394736842105 0.4324074074074074 0.71875 0.4324074074074074 0.7154605263157895 0.4287037037037037 0.7154605263157895 0.4212962962962963 0.7220394736842105 0.41574074074074074 0.7203947368421053 0.4101851851851852 0.7154605263157895 0.4074074074074074 0.7154605263157895 0.3990740740740741 0.7269736842105263 0.39537037037037037 0.7335526315789473 0.3962962962962963
1 0.7450657894736842 0.43148148148148147 0.7483552631578947 0.43703703703703706 0.743421052631579 0.44351851851851853 0.7236842105263158 0.4527777777777778 0.7138157894736842 0.45 0.712171052631579 0.4462962962962963 0.7154605263157895 0.44166666666666665 0.7302631578947368 0.4324074074074074 0.7368421052631579 0.4305555555555556 0.743421052631579 0.43148148148148147
1 0.43585526315789475 0.5027777777777778 0.4407894736842105 0.5101851851851852 0.43914473684210525 0.5120370370370371 0.4292763157894737 0.5138888888888888 0.40460526315789475 0.5120370370370371 0.40131578947368424 0.5055555555555555 0.40625 0.5027777777777778 0.4342105263157895 0.5027777777777778
1 0.13651315789473684 0.5111111111111111 0.14473684210526316 0.5194444444444445 0.14473684210526316 0.5333333333333333 0.13651315789473684 0.5361111111111111 0.12664473684210525 0.5342592592592592 0.11842105263157894 0.5259259259259259 0.12006578947368421 0.5148148148148148 0.13486842105263158 0.5111111111111111
1 0.4901315789473684 0.46296296296296297 0.4967105263157895 0.46574074074074073 0.49506578947368424 0.48333333333333334 0.5016447368421053 0.4888888888888889 0.5032894736842105 0.49444444444444446 0.5 0.49722222222222223 0.4868421052631579 0.49907407407407406 0.48026315789473684 0.4981481481481482 0.4720394736842105 0.4935185185185185 0.4654605263157895 0.4861111111111111 0.4753289473684211 0.46574074074074073 0.48026315789473684 0.46296296296296297 0.48848684210526316 0.46296296296296297
1 0.34868421052631576 0.4185185185185185 0.36348684210526316 0.41759259259259257 0.3782894736842105 0.4212962962962963 0.3832236842105263 0.4287037037037037 0.3815789473684211 0.4398148148148148 0.38980263157894735 0.45 0.38980263157894735 0.4537037037037037 0.3815789473684211 0.4564814814814815 0.35855263157894735 0.44537037037037036 0.35526315789473684 0.43796296296296294 0.34375 0.42685185185185187 0.34375 0.42314814814814816 0.34868421052631576 0.41944444444444445
1 0.0756578947368421 0.5212962962962963 0.07730263157894737 0.5231481481481481 0.08388157894736842 0.5203703703703704 0.09375 0.5212962962962963 0.10361842105263158 0.5259259259259259 0.10361842105263158 0.5287037037037037 0.09703947368421052 0.5333333333333333 0.07401315789473684 0.5370370370370371 0.06743421052631579 0.5370370370370371 0.05921052631578947 0.5342592592592592 0.05921052631578947 0.5296296296296297 0.06578947368421052 0.525 0.06743421052631579 0.5194444444444445 0.07072368421052631 0.5185185185185185 0.07401315789473684 0.5212962962962963
1 0.19736842105263158 0.5787037037037037 0.1924342105263158 0.5740740740740741 0.19407894736842105 0.5666666666666667 0.1875 0.5555555555555556 0.1875 0.549074074074074 0.19736842105263158 0.5435185185185185 0.20888157894736842 0.5435185185185185 0.21217105263157895 0.5453703703703704 0.22039473684210525 0.5583333333333333 0.22039473684210525 0.5648148148148148 0.2138157894736842 0.5703703703703704 0.21217105263157895 0.575925925925926 0.20230263157894737 0.5814814814814815 0.19901315789473684 0.5787037037037037
1 0.33881578947368424 0.5157407407407407 0.3470394736842105 0.5185185185185185 0.3503289473684211 0.5287037037037037 0.3618421052631579 0.5361111111111111 0.3667763157894737 0.5425925925925926 0.3651315789473684 0.562037037037037 0.3618421052631579 0.5666666666666667 0.3519736842105263 0.5694444444444444 0.3404605263157895 0.5675925925925925 0.31743421052631576 0.5333333333333333 0.31743421052631576 0.5287037037037037 0.3256578947368421 0.5175925925925926 0.3371710526315789 0.5157407407407407
1 0.5707236842105263 0.49537037037037035 0.5805921052631579 0.5009259259259259 0.5888157894736842 0.5157407407407407 0.5888157894736842 0.5222222222222223 0.5822368421052632 0.5268518518518519 0.5789473684210527 0.5268518518518519 0.5592105263157895 0.5157407407407407 0.5493421052631579 0.5046296296296297 0.5575657894736842 0.4962962962962963 0.569078947368421 0.49537037037037035
1 0.2993421052631579 0.8555555555555555 0.31743421052631576 0.862037037037037 0.32401315789473684 0.8675925925925926 0.3256578947368421 0.8759259259259259 0.3223684210526316 0.8814814814814815 0.31743421052631576 0.8833333333333333 0.3042763157894737 0.8814814814814815 0.26644736842105265 0.8694444444444445 0.2680921052631579 0.862037037037037 0.27631578947368424 0.8555555555555555 0.29769736842105265 0.8555555555555555
1 0.2878289473684211 0.7907407407407407 0.30098684210526316 0.7944444444444444 0.3042763157894737 0.8064814814814815 0.29769736842105265 0.8166666666666667 0.2944078947368421 0.8324074074074074 0.28289473684210525 0.8416666666666667 0.2746710526315789 0.8416666666666667 0.26480263157894735 0.8361111111111111 0.2532894736842105 0.8342592592592593 0.2450657894736842 0.8212962962962963 0.2450657894736842 0.8148148148148148 0.2532894736842105 0.8 0.2598684210526316 0.7962962962962963 0.28618421052631576 0.7907407407407407
1 0.4407894736842105 0.5120370370370371 0.4506578947368421 0.5166666666666667 0.44901315789473684 0.5231481481481481 0.43256578947368424 0.5361111111111111 0.42105263157894735 0.55 0.41118421052631576 0.5555555555555556 0.3963815789473684 0.5546296296296296 0.3930921052631579 0.5435185185185185 0.3996710526315789 0.5361111111111111 0.4095394736842105 0.5324074074074074 0.42269736842105265 0.5166666666666667 0.43914473684210525 0.5120370370370371
1 0.4243421052631579 0.38055555555555554 0.4440789473684211 0.38055555555555554 0.4473684210526316 0.3824074074074074 0.4440789473684211 0.38981481481481484 0.43256578947368424 0.39444444444444443 0.40460526315789475 0.3925925925925926 0.4029605263157895 0.38796296296296295 0.40625 0.38425925925925924 0.42269736842105265 0.3814814814814815