1 0.7532894736842105 0.32222222222222224 0.7648026315789473 0.32407407407407407 0.7680921052631579 0.3333333333333333 0.756578947368421 0.3453703703703704 0.7368421052631579 0.3527777777777778 0.7203947368421053 0.3425925925925926 0.7055921052631579 0.3416666666666667 0.7023026315789473 0.3398148148148148 0.694078947368421 0.34074074074074073 0.6644736842105263 0.33425925925925926 0.662828947368421 0.32685185185185184 0.6677631578947368 0.32314814814814813 0.7088815789473685 0.32314814814814813 0.7319078947368421 0.3194444444444444 0.7516447368421053 0.32222222222222224
1 0.6694078947368421 0.24259259259259258 0.6726973684210527 0.24444444444444444 0.6710526315789473 0.25555555555555554 0.6546052631578947 0.27037037037037037 0.649671052631579 0.2722222222222222 0.6414473684210527 0.2722222222222222 0.6365131578947368 0.26944444444444443 0.6365131578947368 0.25833333333333336 0.6447368421052632 0.25462962962962965 0.6529605263157895 0.24722222222222223 0.6677631578947368 0.24259259259259258
1 0.7516447368421053 0.2537037037037037 0.756578947368421 0.2564814814814815 0.7549342105263158 0.262037037037037 0.7401315789473685 0.27037037037037037 0.7302631578947368 0.27314814814814814 0.7220394736842105 0.27314814814814814 0.71875 0.27037037037037037 0.7236842105263158 0.25925925925925924 0.7384868421052632 0.2537037037037037 0.75 0.2537037037037037
1 0.7368421052631579 0.3 0.7220394736842105 0.29259259259259257 0.7269736842105263 0.2851851851851852 0.7401315789473685 0.2861111111111111 0.7582236842105263 0.2972222222222222 0.7598684210526315 0.3 0.756578947368421 0.3037037037037037 0.75 0.3037037037037037 0.7384868421052632 0.3
1 0.37664473684210525 0.2796296296296296 0.3881578947368421 0.2916666666666667 0.38651315789473684 0.3 0.3815789473684211 0.30277777777777776 0.375 0.30277777777777776 0.3618421052631579 0.2962962962962963 0.35855263157894735 0.2851851851851852 0.36348684210526316 0.2814814814814815 0.375 0.28055555555555556
1 0.34375 0.27037037037037037 0.3470394736842105 0.2722222222222222 0.35855263157894735 0.2712962962962963 0.36019736842105265 0.2814814814814815 0.3519736842105263 0.28703703703703703 0.3305921052631579 0.28703703703703703 0.32401315789473684 0.28425925925925927 0.3223684210526316 0.275 0.3256578947368421 0.2722222222222222 0.3338815789473684 0.26944444444444443 0.34210526315789475 0.27037037037037037
1 0.47368421052631576 0.34629629629629627 0.48355263157894735 0.3472222222222222 0.48519736842105265 0.3527777777777778 0.4753289473684211 0.3592592592592593 0.46381578947368424 0.36203703703703705 0.44901315789473684 0.3611111111111111 0.44901315789473684 0.35462962962962963 0.4720394736842105 0.34629629629629627
1 0.44901315789473684 0.3888888888888889 0.4457236842105263 0.38425925925925924 0.44901315789473684 0.37222222222222223 0.4605263157894737 0.36944444444444446 0.46710526315789475 0.37407407407407406 0.46875 0.3814814814814815 0.4621710526315789 0.38796296296296295 0.4555921052631579 0.38981481481481484 0.4506578947368421 0.3888888888888889
1 0.5460526315789473 0.3453703703703704 0.555921052631579 0.3527777777777778 0.555921052631579 0.362962962962963 0.5526315789473685 0.36666666666666664 0.5394736842105263 0.3648148148148148 0.5296052631578947 0.35648148148148145 0.5296052631578947 0.3509259259259259 0.5328947368421053 0.34814814814814815 0.5444078947368421 0.3453703703703704
1 0.5805921052631579 0.3907407407407407 0.5904605263157895 0.3907407407407407 0.6036184210526315 0.39351851851851855 0.6217105263157895 0.4 0.631578947368421 0.4074074074074074 0.6299342105263158 0.41203703703703703 0.6217105263157895 0.41203703703703703 0.6118421052631579 0.40925925925925927 0.5986842105263158 0.4111111111111111 0.5970394736842105 0.4074074074074074 0.5805921052631579 0.4 0.5805921052631579 0.39166666666666666
1 0.5641447368421053 0.3768518518518518 0.5740131578947368 0.38333333333333336 0.5756578947368421 0.3888888888888889 0.5740131578947368 0.3925925925925926 0.5674342105263158 0.39444444444444443 0.5592105263157895 0.39351851851851855 0.5509868421052632 0.3861111111111111 0.5526315789473685 0.3787037037037037 0.5592105263157895 0.37592592592592594 0.5625 0.3768518518518518
1 0.5773026315789473 0.3990740740740741 0.5822368421052632 0.40370370370370373 0.5822368421052632 0.41388888888888886 0.5773026315789473 0.41944444444444445 0.5707236842105263 0.4212962962962963 0.5625 0.41759259259259257 0.5608552631578947 0.4074074074074074 0.5641447368421053 0.40370370370370373 0.5756578947368421 0.3990740740740741
1 0.6430921052631579 0.36944444444444446 0.6529605263157895 0.3712962962962963 0.6644736842105263 0.37777777777777777 0.6677631578947368 0.3814814814814815 0.6661184210526315 0.3907407407407407 0.6480263157894737 0.3888888888888889 0.6348684210526315 0.37592592592592594 0.6348684210526315 0.37222222222222223 0.6414473684210527 0.36944444444444446
1 0.7014802631578947 0.36666666666666664 0.024671052631578948 0.022222222222222223
1 0.3618421052631579 0.41944444444444445 0.37006578947368424 0.4185185185185185 0.3782894736842105 0.425 0.3782894736842105 0.43148148148148147 0.37006578947368424 0.4361111111111111 0.3651315789473684 0.4361111111111111 0.35526315789473684 0.42962962962962964 0.3569078947368421 0.42407407407407405 0.3618421052631579 0.4203703703703704
1 0.3651315789473684 0.40555555555555556 0.37335526315789475 0.4111111111111111 0.3717105263157895 0.4166666666666667 0.36348684210526316 0.4166666666666667 0.34868421052631576 0.4111111111111111 0.3470394736842105 0.4074074074074074 0.3503289473684211 0.40555555555555556 0.36348684210526316 0.40555555555555556
1 0.3059210526315789 0.3990740740740741 0.31743421052631576 0.3972222222222222 0.32401315789473684 0.3990740740740741 0.33223684210526316 0.40555555555555556 0.3305921052631579 0.41574074074074074 0.32730263157894735 0.41759259259259257 0.3157894736842105 0.4166666666666667 0.30756578947368424 0.4111111111111111 0.3042763157894737 0.40370370370370373 0.3059210526315789 0.4
1 0.2779605263157895 0.4537037037037037 0.2944078947368421 0.44814814814814813 0.30756578947368424 0.4462962962962963 0.3125 0.4462962962962963 0.31743421052631576 0.44907407407407407 0.3157894736842105 0.4527777777777778 0.2993421052631579 0.462037037037037 0.2911184210526316 0.4638888888888889 0.27960526315789475 0.462037037037037 0.27631578947368424 0.4583333333333333 0.2779605263157895 0.4546296296296296
1 0.4621710526315789 0.4101851851851852 0.47039473684210525 0.41388888888888886 0.4819078947368421 0.41388888888888886 0.4934210526315789 0.4166666666666667 0.506578947368421 0.42314814814814816 0.5082236842105263 0.4287037037037037 0.4967105263157895 0.4305555555555556 0.4769736842105263 0.42962962962962964 0.46710526315789475 0.425 0.4588815789473684 0.4148148148148148 0.45394736842105265 0.412962962962963 0.4555921052631579 0.40925925925925927 0.4605263157894737 0.4111111111111111
1 0.5082236842105263 0.4046296296296296 0.5180921052631579 0.40925925925925927 0.5213815789473685 0.41388888888888886 0.5213815789473685 0.41759259259259257 0.5115131578947368 0.4203703703703704 0.5049342105263158 0.4203703703703704 0.4934210526315789 0.412962962962963 0.4934210526315789 0.40555555555555556 0.4967105263157895 0.40370370370370373 0.506578947368421 0.4046296296296296
1 0.4753289473684211 0.4305555555555556 0.4901315789473684 0.4305555555555556 0.506578947368421 0.4351851851851852 0.5115131578947368 0.4444444444444444 0.5115131578947368 0.4527777777777778 0.49506578947368424 0.4564814814814815 0.48026315789473684 0.4564814814814815 0.4720394736842105 0.4527777777777778 0.46875 0.4462962962962963 0.4753289473684211 0.43148148148148147
1 0.2598684210526316 0.46944444444444444 0.27960526315789475 0.4740740740740741 0.2779605263157895 0.47962962962962963 0.26973684210526316 0.48148148148148145 0.24835526315789475 0.48148148148148145 0.24342105263157895 0.47962962962962963 0.24342105263157895 0.47314814814814815 0.2532894736842105 0.4675925925925926 0.2582236842105263 0.46944444444444444
1 0.24671052631578946 0.48703703703703705 0.2532894736842105 0.4898148148148148 0.2582236842105263 0.4962962962962963 0.25493421052631576 0.5 0.24835526315789475 0.5009259259259259 0.23355263157894737 0.49907407407407406 0.22532894736842105 0.49444444444444446 0.22532894736842105 0.4888888888888889 0.23026315789473684 0.4861111111111111 0.23848684210526316 0.48518518518518516 0.2450657894736842 0.48703703703703705
1 0.20230263157894737 0.4601851851851852 0.20723684210526316 0.45925925925925926 0.22039473684210525 0.462037037037037 0.22697368421052633 0.4703703703703704 0.22697368421052633 0.4842592592592593 0.21710526315789475 0.487962962962963 0.21052631578947367 0.4842592592592593 0.20394736842105263 0.48333333333333334 0.20230263157894737 0.48055555555555557 0.18421052631578946 0.4722222222222222 0.18421052631578946 0.4666666666666667 0.19901315789473684 0.4638888888888889 0.20230263157894737 0.46111111111111114
1 0.10032894736842106 0.487962962962963 0.10361842105263158 0.49537037037037035 0.10197368421052631 0.5027777777777778 0.08881578947368421 0.512962962962963 0.08223684210526316 0.512962962962963 0.07401315789473684 0.5055555555555555 0.07730263157894737 0.49074074074074076 0.08881578947368421 0.49074074074074076 0.09868421052631579 0.487962962962963
1 0.24013157894736842 0.08518518518518518 0.25164473684210525 0.08425925925925926 0.2565789473684211 0.08796296296296297 0.25493421052631576 0.10185185185185185 0.24013157894736842 0.10925925925925926 0.23355263157894737 0.10648148148148148 0.23190789473684212 0.10277777777777777 0.24013157894736842 0.08611111111111111
1 0.3026315789473684 0.3824074074074074 0.3026315789473684 0.387037037037037 0.29769736842105265 0.3907407407407407 0.2894736842105263 0.39537037037037037 0.27631578947368424 0.39814814814814814 0.2631578947368421 0.3972222222222222 0.2598684210526316 0.39351851851851855 0.2598684210526316 0.3888888888888889 0.2631578947368421 0.387037037037037 0.26151315789473684 0.38333333333333336 0.26644736842105265 0.3824074074074074 0.2730263157894737 0.37592592592592594 0.2845394736842105 0.37592592592592594 0.29276315789473684 0.3814814814814815 0.30098684210526316 0.3824074074074074
1 0.2779605263157895 0.3731481481481482 0.2878289473684211 0.37592592592592594 0.29276315789473684 0.37962962962962965 0.2993421052631579 0.37962962962962965 0.3042763157894737 0.38333333333333336 0.30098684210526316 0.3888888888888889 0.2911184210526316 0.39444444444444443 0.2730263157894737 0.39814814814814814 0.2582236842105263 0.39537037037037037 0.24177631578947367 0.39814814814814814 0.23026315789473684 0.3972222222222222 0.22532894736842105 0.3861111111111111 0.23026315789473684 0.38425925925925924 0.24013157894736842 0.37407407407407406 0.25 0.37407407407407406 0.2582236842105263 0.3787037037037037 0.2631578947368421 0.3787037037037037 0.2713815789473684 0.3731481481481482 0.27631578947368424 0.3731481481481482
1 0.5148026315789473 0.2824074074074074 0.5213815789473685 0.29444444444444445 0.5197368421052632 0.30185185185185187 0.5115131578947368 0.3055555555555556 0.5032894736842105 0.3055555555555556 0.5 0.3037037037037037 0.5032894736842105 0.287962962962963 0.5131578947368421 0.2833333333333333
1 0.5345394736842105 0.2814814814814815 0.5444078947368421 0.29074074074074074 0.5444078947368421 0.29907407407407405 0.537828947368421 0.30277777777777776 0.524671052631579 0.3 0.5230263157894737 0.287962962962963 0.5263157894736842 0.2833333333333333 0.5328947368421053 0.2814814814814815
1 0.5115131578947368 0.38333333333333336 0.5230263157894737 0.3861111111111111 0.5263157894736842 0.38981481481481484 0.5213815789473685 0.4 0.5131578947368421 0.40185185185185185 0.5082236842105263 0.40185185185185185 0.5 0.39444444444444443 0.5 0.387037037037037 0.5098684210526315 0.38333333333333336
1 0.4440789473684211 0.4212962962962963 0.4457236842105263 0.42777777777777776 0.4342105263157895 0.4324074074074074 0.4243421052631579 0.43333333333333335 0.41776315789473684 0.43333333333333335 0.4095394736842105 0.4305555555555556 0.41118421052631576 0.42407407407407405 0.44243421052631576 0.4212962962962963
1 0.5583881578947368 0.43842592592592594 0.027960526315789474 0.021296296296296296
1 0.3519736842105263 0.8361111111111111 0.34375 0.8314814814814815 0.3305921052631579 0.8398148148148148 0.32401315789473684 0.837037037037037 0.31414473684210525 0.8361111111111111 0.3092105263157895 0.8333333333333334 0.3092105263157895 0.8277777777777777 0.31414473684210525 0.8231481481481482 0.34375 0.812962962962963 0.3618421052631579 0.812037037037037 0.3651315789473684 0.8175925925925925 0.36348684210526316 0.8240740740740741 0.35855263157894735 0.8277777777777777 0.3618421052631579 0.8314814814814815 0.3536184210526316 0.8351851851851851
1 0.46710526315789475 0.8824074074074074 0.48355263157894735 0.8898148148148148 0.5 0.9027777777777778 0.506578947368421 0.9120370370370371 0.5032894736842105 0.9185185185185185 0.49506578947368424 0.9175925925925926 0.48355263157894735 0.9120370370370371 0.47368421052631576 0.912962962962963 0.4720394736842105 0.9064814814814814 0.45394736842105265 0.887962962962963 0.4588815789473684 0.8833333333333333 0.4654605263157895 0.8824074074074074
1 0.4243421052631579 0.8944444444444445 0.43256578947368424 0.8972222222222223 0.4342105263157895 0.9018518518518519 0.43256578947368424 0.9212962962962963 0.4243421052631579 0.9333333333333333 0.4161184210526316 0.9351851851851852 0.40789473684210525 0.9314814814814815 0.4029605263157895 0.9148148148148149 0.4128289473684211 0.8972222222222223 0.4161184210526316 0.8953703703703704 0.42269736842105265 0.8953703703703704
1 0.3684210526315789 0.7481481481481481 0.3717105263157895 0.75 0.375 0.7481481481481481 0.3963815789473684 0.7490740740740741 0.4029605263157895 0.7574074074074074 0.3815789473684211 0.7712962962962963 0.3667763157894737 0.7722222222222223 0.3651315789473684 0.7657407407407407 0.37006578947368424 0.7583333333333333 0.3684210526315789 0.7527777777777778 0.3717105263157895 0.7509259259259259 0.3684210526315789 0.7490740740740741
1 0.6743421052631579 0.6527777777777778 0.694078947368421 0.6592592592592592 0.7039473684210527 0.6648148148148149 0.7088815789473685 0.6712962962962963 0.7039473684210527 0.675 0.6891447368421053 0.6731481481481482 0.6661184210526315 0.6648148148148149 0.6644736842105263 0.6555555555555556 0.6677631578947368 0.6527777777777778 0.6726973684210527 0.6527777777777778
1 0.5394736842105263 0.6203703703703703 0.555921052631579 0.6314814814814815 0.5641447368421053 0.6435185185185185 0.5493421052631579 0.649074074074074 0.5427631578947368 0.6472222222222223 0.5411184210526315 0.6388888888888888 0.5279605263157895 0.625 0.5296052631578947 0.6212962962962963 0.537828947368421 0.6203703703703703
1 0.375 0.6444444444444445 0.37664473684210525 0.6518518518518519 0.37006578947368424 0.6574074074074074 0.3684210526315789 0.662962962962963 0.3651315789473684 0.6666666666666666 0.3536184210526316 0.6694444444444444 0.34375 0.6694444444444444 0.32730263157894735 0.6601851851851852 0.32401315789473684 0.6601851851851852 0.3207236842105263 0.6574074074074074 0.3207236842105263 0.65 0.32401315789473684 0.6472222222222223 0.34539473684210525 0.649074074074074 0.36348684210526316 0.6435185185185185 0.37335526315789475 0.6444444444444445