1 0.3996710526315789 0.387037037037037 0.40789473684210525 0.39351851851851855 0.40789473684210525 0.40555555555555556 0.3996710526315789 0.41388888888888886 0.37006578947368424 0.412962962962963 0.34868421052631576 0.4083333333333333 0.3503289473684211 0.40370370370370373 0.3684210526315789 0.38796296296296295 0.37993421052631576 0.3851851851851852 0.39144736842105265 0.3851851851851852 0.3980263157894737 0.387037037037037
1 0.12664473684210525 0.2324074074074074 0.13486842105263158 0.2361111111111111 0.13815789473684212 0.24074074074074073 0.13980263157894737 0.2601851851851852 0.1299342105263158 0.275 0.125 0.2777777777777778 0.10855263157894737 0.27685185185185185 0.10361842105263158 0.2740740740740741 0.09868421052631579 0.26481481481481484 0.10032894736842106 0.23796296296296296 0.1069078947368421 0.23703703703703705 0.11842105263157894 0.23148148148148148 0.125 0.2324074074074074
1 0.9407894736842105 0.017592592592592594 0.9555921052631579 0.014814814814814815 0.9983552631578947 0.03518518518518519 0.9983552631578947 0.053703703703703705 0.993421052631579 0.053703703703703705 0.9769736842105263 0.04722222222222222 0.9490131578947368 0.03981481481481482 0.9375 0.027777777777777776 0.9407894736842105 0.018518518518518517
1 0.2746710526315789 0.2101851851851852 0.28289473684210525 0.22037037037037038 0.2878289473684211 0.23425925925925925 0.2878289473684211 0.24444444444444444 0.27960526315789475 0.25462962962962965 0.2680921052631579 0.25833333333333336 0.2582236842105263 0.25833333333333336 0.24177631578947367 0.2490740740740741 0.24342105263157895 0.22314814814814815 0.2565789473684211 0.21666666666666667 0.2680921052631579 0.21481481481481482 0.2730263157894737 0.2111111111111111
1 0.2590460526315789 0.3726851851851852 0.04111842105263158 0.049074074074074076
1 0.07730263157894737 0.4425925925925926 0.10526315789473684 0.4601851851851852 0.10197368421052631 0.46296296296296297 0.0805921052631579 0.4675925925925926 0.0625 0.4666666666666667 0.04276315789473684 0.4527777777777778 0.05592105263157895 0.4361111111111111 0.06085526315789474 0.4351851851851852 0.07072368421052631 0.44166666666666665 0.0756578947368421 0.4425925925925926
1 0.16447368421052633 0.044444444444444446 0.16611842105263158 0.05555555555555555 0.1825657894736842 0.06296296296296296 0.1825657894736842 0.07037037037037037 0.13322368421052633 0.08981481481481482 0.10855263157894737 0.08888888888888889 0.09703947368421052 0.08148148148148149 0.10526315789473684 0.06851851851851852 0.10197368421052631 0.06296296296296296 0.11513157894736842 0.058333333333333334 0.1118421052631579 0.053703703703703705 0.11348684210526316 0.05092592592592592 0.14638157894736842 0.05925925925925926 0.15625 0.053703703703703705 0.16282894736842105 0.04537037037037037
1 0.5575657894736842 0.2518518518518518 0.5723684210526315 0.2611111111111111 0.5822368421052632 0.2824074074074074 0.5805921052631579 0.29074074074074074 0.5674342105263158 0.3074074074074074 0.5625 0.30092592592592593 0.5427631578947368 0.2861111111111111 0.5361842105263158 0.29074074074074074 0.5345394736842105 0.3 0.5296052631578947 0.3037037037037037 0.53125 0.287962962962963 0.5263157894736842 0.2759259259259259 0.5279605263157895 0.25833333333333336 0.537828947368421 0.2518518518518518 0.555921052631579 0.2518518518518518
1 0.44243421052631576 0.044444444444444446 0.4473684210526316 0.046296296296296294 0.4654605263157895 0.04722222222222222 0.4720394736842105 0.05 0.4720394736842105 0.06388888888888888 0.46710526315789475 0.06944444444444445 0.45723684210526316 0.07314814814814814 0.4555921052631579 0.07777777777777778 0.4407894736842105 0.08703703703703704 0.4194078947368421 0.09166666666666666 0.41118421052631576 0.09074074074074075 0.40789473684210525 0.08796296296296297 0.41118421052631576 0.0712962962962963 0.40789473684210525 0.06018518518518518 0.4292763157894737 0.058333333333333334 0.43585526315789475 0.05462962962962963 0.4375 0.04537037037037037 0.4407894736842105 0.044444444444444446
1 0.02138157894736842 0.43333333333333335 0.024671052631578948 0.4351851851851852 0.029605263157894735 0.44722222222222224 0.027960526315789474 0.4685185185185185 0.023026315789473683 0.47314814814814815 0.014802631578947368 0.475 0 0.4740740740740741 0 0.4351851851851852 0.006578947368421052 0.4324074074074074 0.019736842105263157 0.43333333333333335
1 0.18585526315789475 0.19814814814814816 0.19901315789473684 0.20462962962962963 0.20394736842105263 0.21481481481481482 0.19572368421052633 0.23703703703703705 0.19078947368421054 0.24259259259259258 0.18421052631578946 0.24537037037037038 0.17269736842105263 0.24537037037037038 0.15953947368421054 0.2388888888888889 0.1513157894736842 0.21666666666666667 0.15460526315789475 0.20555555555555555 0.15789473684210525 0.20462962962962963 0.16447368421052633 0.2074074074074074 0.17598684210526316 0.19907407407407407 0.18421052631578946 0.19814814814814816
1 0.3157894736842105 0.38981481481481484 0.3256578947368421 0.3972222222222222 0.32894736842105265 0.4027777777777778 0.32401315789473684 0.4101851851851852 0.32730263157894735 0.4203703703703704 0.32401315789473684 0.42685185185185187 0.30756578947368424 0.4324074074074074 0.29276315789473684 0.4324074074074074 0.28618421052631576 0.4185185185185185 0.28618421052631576 0.40925925925925927 0.29276315789473684 0.39351851851851855 0.2993421052631579 0.38981481481481484 0.31414473684210525 0.38981481481481484
1 0 0.25925925925925924 0.013157894736842105 0.2712962962962963 0.011513157894736841 0.2759259259259259 0 0.28055555555555556 0 0.2601851851851852
1 0.23026315789473684 0.38425925925925924 0.24013157894736842 0.38981481481481484 0.25493421052631576 0.4074074074074074 0.2582236842105263 0.4185185185185185 0.2532894736842105 0.425 0.24177631578947367 0.425 0.22861842105263158 0.4203703703703704 0.20723684210526316 0.39537037037037037 0.20723684210526316 0.3907407407407407 0.21546052631578946 0.3861111111111111 0.22861842105263158 0.38425925925925924
1 0.027960526315789474 0.5601851851851852 0.049342105263157895 0.5666666666666667 0.05098684210526316 0.575 0.04276315789473684 0.5851851851851851 0.023026315789473683 0.6 0.018092105263157895 0.6157407407407407 0.011513157894736841 0.6055555555555555 0 0.5990740740740741 0 0.5657407407407408 0.006578947368421052 0.562962962962963 0.02631578947368421 0.5601851851851852
1 0.17434210526315788 0.3453703703703704 0.1825657894736842 0.3453703703703704 0.19078947368421054 0.3509259259259259 0.1924342105263158 0.3592592592592593 0.1825657894736842 0.3731481481481482 0.16447368421052633 0.38796296296296295 0.14144736842105263 0.3972222222222222 0.12664473684210525 0.3972222222222222 0.12006578947368421 0.39351851851851855 0.11677631578947369 0.38425925925925924 0.11348684210526316 0.38333333333333336 0.12171052631578948 0.38055555555555554 0.12828947368421054 0.37037037037037035 0.14638157894736842 0.36203703703703705 0.14802631578947367 0.35833333333333334 0.17434210526315788 0.34629629629629627
1 0.8552631578947368 0.35555555555555557 0.8618421052631579 0.35833333333333334 0.8667763157894737 0.3648148148148148 0.8700657894736842 0.37962962962962965 0.868421052631579 0.38981481481481484 0.8569078947368421 0.3925925925925926 0.837171052631579 0.3888888888888889 0.8322368421052632 0.37962962962962965 0.8174342105263158 0.36944444444444446 0.8174342105263158 0.362962962962963 0.8240131578947368 0.3592592592592593 0.8338815789473685 0.35648148148148145 0.8536184210526315 0.35555555555555557
1 0.6430921052631579 0.07407407407407407 0.6513157894736842 0.07962962962962963 0.6513157894736842 0.09166666666666666 0.6463815789473685 0.10185185185185185 0.6217105263157895 0.1175925925925926 0.6118421052631579 0.11851851851851852 0.600328947368421 0.12685185185185185 0.5838815789473685 0.13425925925925927 0.5674342105263158 0.13240740740740742 0.5625 0.12962962962962962 0.5592105263157895 0.11666666666666667 0.5608552631578947 0.11203703703703703 0.5707236842105263 0.10462962962962963 0.5740131578947368 0.09444444444444444 0.5970394736842105 0.08703703703703704 0.6151315789473685 0.07592592592592592 0.6233552631578947 0.07407407407407407 0.6414473684210527 0.07407407407407407
1 0.7055921052631579 0.4148148148148148 0.7138157894736842 0.4074074074074074 0.7417763157894737 0.4 0.7713815789473685 0.4212962962962963 0.7713815789473685 0.425 0.7598684210526315 0.4398148148148148 0.7532894736842105 0.4444444444444444 0.7417763157894737 0.44814814814814813 0.7335526315789473 0.44537037037037036 0.7286184210526315 0.43796296296296294 0.712171052631579 0.42962962962962964 0.7072368421052632 0.4222222222222222 0.7072368421052632 0.41574074074074074
1 0.3157894736842105 0.24259259259259258 0.3305921052631579 0.2462962962962963 0.3371710526315789 0.2601851851851852 0.3338815789473684 0.275 0.32730263157894735 0.2814814814814815 0.31743421052631576 0.2861111111111111 0.3059210526315789 0.2851851851851852 0.29276315789473684 0.27685185185185185 0.28125 0.2777777777777778 0.28125 0.275 0.2911184210526316 0.26944444444444443 0.2944078947368421 0.26481481481481484 0.2944078947368421 0.262037037037037 0.28289473684210525 0.25462962962962965 0.28289473684210525 0.2518518518518518 0.2911184210526316 0.25 0.29769736842105265 0.24351851851851852 0.31414473684210525 0.24259259259259258
1 0.11513157894736842 0.3212962962962963 0.12335526315789473 0.3277777777777778 0.13651315789473684 0.3287037037037037 0.14144736842105263 0.3314814814814815 0.14309210526315788 0.3351851851851852 0.13980263157894737 0.34629629629629627 0.11677631578947369 0.36018518518518516 0.10032894736842106 0.3648148148148148 0.08717105263157894 0.36574074074074076 0.07730263157894737 0.3592592592592593 0.07894736842105263 0.3527777777777778 0.09210526315789473 0.3453703703703704 0.08552631578947369 0.3416666666666667 0.10197368421052631 0.3416666666666667 0.10855263157894737 0.3388888888888889 0.11513157894736842 0.32222222222222224
1 0.8141447368421053 0.14722222222222223 0.8240131578947368 0.15 0.8355263157894737 0.15833333333333333 0.8519736842105263 0.1648148148148148 0.8618421052631579 0.175 0.8585526315789473 0.18425925925925926 0.8486842105263158 0.18425925925925926 0.8273026315789473 0.17314814814814813 0.8240131578947368 0.17592592592592593 0.8223684210526315 0.18796296296296297 0.8174342105263158 0.19166666666666668 0.8174342105263158 0.17407407407407408 0.8141447368421053 0.1712962962962963 0.8026315789473685 0.1712962962962963 0.805921052631579 0.1675925925925926 0.7894736842105263 0.1574074074074074 0.7911184210526315 0.15092592592592594 0.7960526315789473 0.14722222222222223 0.8125 0.14722222222222223
1 0.5707236842105263 0.37222222222222223 0.5904605263157895 0.375 0.6036184210526315 0.3861111111111111 0.6036184210526315 0.39351851851851855 0.5904605263157895 0.3990740740740741 0.5740131578947368 0.3990740740740741 0.5625 0.3962962962962963 0.5476973684210527 0.3851851851851852 0.5493421052631579 0.37777777777777777 0.5592105263157895 0.3731481481481482 0.569078947368421 0.37222222222222223
1 0.7894736842105263 0.4324074074074074 0.805921052631579 0.43425925925925923 0.8108552631578947 0.4388888888888889 0.8092105263157895 0.4601851851851852 0.8157894736842105 0.47685185185185186 0.8141447368421053 0.48333333333333334 0.7993421052631579 0.49166666666666664 0.7861842105263158 0.49166666666666664 0.7763157894736842 0.487962962962963 0.7648026315789473 0.46944444444444444 0.7648026315789473 0.4444444444444444 0.774671052631579 0.4351851851851852 0.787828947368421 0.4324074074074074
1 0.18585526315789475 0.4046296296296296 0.19572368421052633 0.4101851851851852 0.21546052631578946 0.42777777777777776 0.21875 0.4388888888888889 0.21217105263157895 0.44351851851851853 0.19572368421052633 0.44907407407407407 0.18092105263157895 0.45 0.15953947368421054 0.45 0.14638157894736842 0.4462962962962963 0.14144736842105263 0.4388888888888889 0.13980263157894737 0.425 0.14144736842105263 0.4212962962962963 0.15296052631578946 0.41388888888888886 0.1611842105263158 0.412962962962963 0.17105263157894737 0.4074074074074074 0.18421052631578946 0.4046296296296296
1 0.4292763157894737 0.11944444444444445 0.43256578947368424 0.12037037037037036 0.43914473684210525 0.13055555555555556 0.45394736842105265 0.12962962962962962 0.46710526315789475 0.1259259259259259 0.4720394736842105 0.1259259259259259 0.47368421052631576 0.1287037037037037 0.4720394736842105 0.1398148148148148 0.4621710526315789 0.14722222222222223 0.4342105263157895 0.16296296296296298 0.42269736842105265 0.16666666666666666 0.4095394736842105 0.1675925925925926 0.3996710526315789 0.16296296296296298 0.3930921052631579 0.15462962962962962 0.40625 0.14722222222222223 0.40131578947368424 0.14074074074074075 0.40460526315789475 0.13796296296296295 0.41776315789473684 0.14074074074074075 0.42269736842105265 0.14074074074074075 0.4276315789473684 0.13796296296296295 0.4292763157894737 0.12037037037037036
1 0.912828947368421 0.2222222222222222 0.9161184210526315 0.225 0.9161184210526315 0.23333333333333334 0.9276315789473685 0.23333333333333334 0.9325657894736842 0.2361111111111111 0.9325657894736842 0.24166666666666667 0.9259868421052632 0.25 0.912828947368421 0.25833333333333336 0.8898026315789473 0.26481481481481484 0.875 0.26481481481481484 0.868421052631579 0.262037037037037 0.8667763157894737 0.25833333333333336 0.8799342105263158 0.2490740740740741 0.8832236842105263 0.24074074074074073 0.8980263157894737 0.24074074074074073 0.90625 0.23703703703703705 0.912828947368421 0.22314814814814815
1 0.6875 0.775 0.7023026315789473 0.774074074074074 0.7154605263157895 0.7787037037037037 0.725328947368421 0.7842592592592592 0.7302631578947368 0.7907407407407407 0.7450657894736842 0.7972222222222223 0.7532894736842105 0.8055555555555556 0.7549342105263158 0.8111111111111111 0.7516447368421053 0.8203703703703704 0.743421052631579 0.8231481481481482 0.7351973684210527 0.8231481481481482 0.71875 0.8175925925925925 0.7105263157894737 0.8111111111111111 0.7039473684210527 0.7981481481481482 0.6842105263157895 0.7833333333333333 0.6842105263157895 0.7777777777777778 0.6875 0.7759259259259259
1 0.4901315789473684 0.36944444444444446 0.5098684210526315 0.375 0.5197368421052632 0.3824074074074074 0.524671052631579 0.3824074074074074 0.53125 0.38796296296296295 0.5394736842105263 0.38981481481481484 0.5444078947368421 0.4027777777777778 0.5427631578947368 0.4074074074074074 0.5328947368421053 0.4111111111111111 0.5115131578947368 0.412962962962963 0.5016447368421053 0.4166666666666667 0.4967105263157895 0.425 0.4901315789473684 0.42685185185185187 0.48026315789473684 0.42407407407407405 0.4621710526315789 0.42592592592592593 0.4555921052631579 0.41944444444444445 0.4457236842105263 0.4166666666666667 0.44243421052631576 0.4185185185185185 0.4375 0.41759259259259257 0.4375 0.4074074074074074 0.4243421052631579 0.39444444444444443 0.4292763157894737 0.38333333333333336 0.44243421052631576 0.37592592592592594 0.4555921052631579 0.3712962962962963 0.48848684210526316 0.36944444444444446
1 0.6085526315789473 0.4527777777777778 0.6118421052631579 0.4546296296296296 0.631578947368421 0.4546296296296296 0.6480263157894737 0.46296296296296297 0.6463815789473685 0.4666666666666667 0.6332236842105263 0.47129629629629627 0.6019736842105263 0.46944444444444444 0.5904605263157895 0.4703703703703704 0.5838815789473685 0.4685185185185185 0.5773026315789473 0.4638888888888889 0.5789473684210527 0.45925925925925926 0.5970394736842105 0.4527777777777778 0.6069078947368421 0.4537037037037037
1 0.3832236842105263 0.8222222222222222 0.40460526315789475 0.8296296296296296 0.42269736842105265 0.8407407407407408 0.42269736842105265 0.8453703703703703 0.40460526315789475 0.8527777777777777 0.3980263157894737 0.8527777777777777 0.3832236842105263 0.8462962962962963 0.36019736842105265 0.8425925925925926 0.34868421052631576 0.8361111111111111 0.35526315789473684 0.8268518518518518 0.3717105263157895 0.8212962962962963 0.3815789473684211 0.8222222222222222
1 0.375 0.7601851851851852 0.38651315789473684 0.7657407407407407 0.3963815789473684 0.7685185185185185 0.41118421052631576 0.7694444444444445 0.42105263157894735 0.774074074074074 0.4243421052631579 0.7842592592592592 0.41118421052631576 0.8101851851851852 0.40789473684210525 0.812037037037037 0.40131578947368424 0.8074074074074075 0.3832236842105263 0.8018518518518518 0.3815789473684211 0.7907407407407407 0.3651315789473684 0.7805555555555556 0.35855263157894735 0.7657407407407407 0.3684210526315789 0.7601851851851852 0.37335526315789475 0.7611111111111111
1 0.30098684210526316 0.8092592592592592 0.3223684210526316 0.8157407407407408 0.3223684210526316 0.8287037037037037 0.3059210526315789 0.837037037037037 0.29605263157894735 0.8379629629629629 0.2746710526315789 0.8444444444444444 0.2631578947368421 0.8444444444444444 0.2532894736842105 0.8407407407407408 0.2532894736842105 0.8268518518518518 0.26480263157894735 0.8175925925925925 0.28289473684210525 0.812962962962963 0.28618421052631576 0.8101851851851852 0.2993421052631579 0.8092592592592592
1 0.7450657894736842 0.7129629629629629 0.7664473684210527 0.7129629629629629 0.787828947368421 0.7240740740740741 0.7944078947368421 0.7333333333333333 0.7911184210526315 0.7416666666666667 0.7779605263157895 0.7416666666666667 0.7549342105263158 0.7268518518518519 0.75 0.7268518518518519 0.75 0.7231481481481481 0.743421052631579 0.7203703703703703 0.7450657894736842 0.7138888888888889