1 0.725328947368421 0.2824074074074074 0.7286184210526315 0.2851851851851852 0.7269736842105263 0.2898148148148148 0.7171052631578947 0.29907407407407405 0.7072368421052632 0.3037037037037037 0.7006578947368421 0.30277777777777776 0.6973684210526315 0.2962962962962963 0.7154605263157895 0.2824074074074074 0.7236842105263158 0.2824074074074074
1 0.5328947368421053 0.2722222222222222 0.5394736842105263 0.27685185185185185 0.5411184210526315 0.28888888888888886 0.53125 0.2953703703703704 0.5213815789473685 0.29444444444444445 0.5164473684210527 0.28888888888888886 0.5164473684210527 0.2796296296296296 0.5197368421052632 0.2740740740740741 0.5230263157894737 0.2722222222222222 0.53125 0.2722222222222222
1 0.5345394736842105 0.25 0.537828947368421 0.2537037037037037 0.537828947368421 0.2601851851851852 0.5345394736842105 0.26944444444444443 0.53125 0.2712962962962963 0.5197368421052632 0.2712962962962963 0.5148026315789473 0.26944444444444443 0.5148026315789473 0.25833333333333336 0.5197368421052632 0.25092592592592594 0.5263157894736842 0.2490740740740741 0.5328947368421053 0.25
1 0.37993421052631576 0.2712962962962963 0.39144736842105265 0.2740740740740741 0.39473684210526316 0.28055555555555556 0.39144736842105265 0.2898148148148148 0.3930921052631579 0.3 0.3881578947368421 0.30833333333333335 0.37664473684210525 0.31296296296296294 0.3651315789473684 0.30648148148148147 0.3684210526315789 0.29074074074074074 0.3667763157894737 0.27685185185185185 0.3717105263157895 0.2722222222222222 0.3782894736842105 0.2722222222222222
1 0.5082236842105263 0.32037037037037036 0.5131578947368421 0.32407407407407407 0.5148026315789473 0.3314814814814815 0.5131578947368421 0.33425925925925926 0.49835526315789475 0.3416666666666667 0.4901315789473684 0.3416666666666667 0.48519736842105265 0.3388888888888889 0.48519736842105265 0.33425925925925926 0.4901315789473684 0.3314814814814815 0.4917763157894737 0.32407407407407407 0.506578947368421 0.32037037037037036
1 0.5032894736842105 0.30925925925925923 0.506578947368421 0.31296296296296294 0.5032894736842105 0.31851851851851853 0.48355263157894735 0.32592592592592595 0.47039473684210525 0.32592592592592595 0.4654605263157895 0.32407407407407407 0.4654605263157895 0.32037037037037036 0.47368421052631576 0.3111111111111111 0.48519736842105265 0.30833333333333335 0.5016447368421053 0.30925925925925923
1 0.46710526315789475 0.33796296296296297 0.4720394736842105 0.34074074074074073 0.47039473684210525 0.3453703703703704 0.45723684210526316 0.3527777777777778 0.4457236842105263 0.35555555555555557 0.43585526315789475 0.3527777777777778 0.4375 0.34629629629629627 0.45230263157894735 0.3388888888888889 0.4621710526315789 0.337037037037037 0.4654605263157895 0.33796296296296297
1 0.3963815789473684 0.35185185185185186 0.4029605263157895 0.35462962962962963 0.40625 0.36203703703703705 0.40625 0.36944444444444446 0.3963815789473684 0.375 0.3848684210526316 0.3731481481481482 0.37993421052631576 0.36203703703703705 0.3815789473684211 0.35555555555555557 0.38651315789473684 0.3527777777777778 0.39473684210526316 0.35185185185185186
1 0.2565789473684211 0.3574074074074074 0.26480263157894735 0.35833333333333334 0.2713815789473684 0.35555555555555557 0.27631578947368424 0.35555555555555557 0.2779605263157895 0.3574074074074074 0.27960526315789475 0.36944444444444446 0.2680921052631579 0.37592592592592594 0.2598684210526316 0.37592592592592594 0.24013157894736842 0.3685185185185185 0.24013157894736842 0.362962962962963 0.25164473684210525 0.35648148148148145 0.25493421052631576 0.3574074074074074
1 0.15296052631578946 0.2777777777777778 0.16611842105263158 0.28425925925925927 0.17269736842105263 0.29074074074074074 0.17105263157894737 0.2972222222222222 0.16447368421052633 0.30092592592592593 0.15296052631578946 0.3 0.13980263157894737 0.28888888888888886 0.13980263157894737 0.28055555555555556 0.1513157894736842 0.2777777777777778
1 0.3503289473684211 0.4027777777777778 0.35855263157894735 0.4 0.3667763157894737 0.4 0.37335526315789475 0.4083333333333333 0.37006578947368424 0.41759259259259257 0.3651315789473684 0.4212962962962963 0.35855263157894735 0.4222222222222222 0.34868421052631576 0.41574074074074074 0.3503289473684211 0.40370370370370373
1 0.3371710526315789 0.42592592592592593 0.3404605263157895 0.42685185185185187 0.34210526315789475 0.43148148148148147 0.33223684210526316 0.4425925925925926 0.31743421052631576 0.44722222222222224 0.31414473684210525 0.4444444444444444 0.31414473684210525 0.43796296296296294 0.32730263157894735 0.42777777777777776 0.3355263157894737 0.42685185185185187
1 0.28618421052631576 0.44074074074074077 0.29605263157894735 0.4462962962962963 0.29276315789473684 0.4583333333333333 0.28289473684210525 0.4638888888888889 0.26480263157894735 0.46296296296296297 0.26480263157894735 0.4601851851851852 0.2746710526315789 0.44351851851851853 0.27960526315789475 0.44074074074074077 0.2845394736842105 0.44074074074074077
1 0.31085526315789475 0.44351851851851853 0.3157894736842105 0.44907407407407407 0.3157894736842105 0.462037037037037 0.3125 0.46574074074074073 0.3026315789473684 0.46574074074074073 0.29605263157894735 0.4601851851851852 0.29769736842105265 0.44814814814814813 0.30098684210526316 0.44537037037037036 0.3092105263157895 0.44351851851851853
1 0.09868421052631579 0.4759259259259259 0.10855263157894737 0.4842592592592593 0.10197368421052631 0.4962962962962963 0.09375 0.4962962962962963 0.08388157894736842 0.4888888888888889 0.08388157894736842 0.47962962962962963 0.08881578947368421 0.47685185185185186 0.09703947368421052 0.4759259259259259
1 0.48026315789473684 0.4 0.5032894736842105 0.4101851851851852 0.5049342105263158 0.4166666666666667 0.5 0.4185185185185185 0.4753289473684211 0.41759259259259257 0.4621710526315789 0.4111111111111111 0.46381578947368424 0.40370370370370373 0.4720394736842105 0.3990740740740741 0.4786184210526316 0.4
1 0.44901315789473684 0.3814814814814815 0.4588815789473684 0.3861111111111111 0.4605263157894737 0.38981481481481484 0.45230263157894735 0.39444444444444443 0.4375 0.3972222222222222 0.4243421052631579 0.3972222222222222 0.42105263157894735 0.3925925925925926 0.43256578947368424 0.3851851851851852 0.4473684210526316 0.3814814814814815
1 0.4588815789473684 0.3611111111111111 0.48026315789473684 0.3638888888888889 0.48355263157894735 0.36574074074074076 0.48355263157894735 0.3712962962962963 0.4769736842105263 0.37407407407407406 0.4605263157894737 0.375 0.44901315789473684 0.36944444444444446 0.4473684210526316 0.36574074074074076 0.4506578947368421 0.362962962962963 0.45723684210526316 0.36203703703703705
1 0.4769736842105263 0.3768518518518518 0.4868421052631579 0.38333333333333336 0.4868421052631579 0.38796296296296295 0.48026315789473684 0.39166666666666666 0.47039473684210525 0.39166666666666666 0.4605263157894737 0.38333333333333336 0.4621710526315789 0.3787037037037037 0.4753289473684211 0.3768518518518518
1 0.5345394736842105 0.38981481481481484 0.5493421052631579 0.38796296296296295 0.5608552631578947 0.39444444444444443 0.5608552631578947 0.4 0.5542763157894737 0.4027777777777778 0.5460526315789473 0.4027777777777778 0.537828947368421 0.3990740740740741 0.5345394736842105 0.3907407407407407
1 0.537828947368421 0.4111111111111111 0.5444078947368421 0.4148148148148148 0.5460526315789473 0.4185185185185185 0.5411184210526315 0.4212962962962963 0.5279605263157895 0.42314814814814816 0.5148026315789473 0.4203703703703704 0.5148026315789473 0.41388888888888886 0.5263157894736842 0.4101851851851852 0.5361842105263158 0.4111111111111111
1 0.6233552631578947 0.42268518518518516 0.029605263157894735 0.021296296296296296
1 0.6274671052631579 0.3921296296296296 0.027960526315789474 0.021296296296296296
1 0.537828947368421 0.3314814814814815 0.5460526315789473 0.3314814814814815 0.555921052631579 0.33425925925925926 0.555921052631579 0.3388888888888889 0.5427631578947368 0.3435185185185185 0.5148026315789473 0.3425925925925926 0.5148026315789473 0.33796296296296297 0.5361842105263158 0.3314814814814815
1 0.7319078947368421 0.375 0.7335526315789473 0.37777777777777777 0.7286184210526315 0.3814814814814815 0.7088815789473685 0.3861111111111111 0.7055921052631579 0.3814814814814815 0.712171052631579 0.375 0.7302631578947368 0.375
1 0.4194078947368421 0.43425925925925923 0.4342105263157895 0.43796296296296294 0.43914473684210525 0.4425925925925926 0.43914473684210525 0.45092592592592595 0.42598684210526316 0.45740740740740743 0.40460526315789475 0.4537037037037037 0.3980263157894737 0.45 0.3980263157894737 0.44166666666666665 0.40131578947368424 0.4388888888888889 0.4095394736842105 0.43425925925925923 0.41776315789473684 0.43425925925925923
1 0.3503289473684211 0.4425925925925926 0.35526315789473684 0.44537037037037036 0.35526315789473684 0.4537037037037037 0.3519736842105263 0.46111111111111114 0.34539473684210525 0.4666666666666667 0.3404605263157895 0.46574074074074073 0.3355263157894737 0.4527777777777778 0.3404605263157895 0.44537037037037036 0.34868421052631576 0.4425925925925926
1 0.26480263157894735 0.47129629629629627 0.2713815789473684 0.47314814814814815 0.27960526315789475 0.47962962962962963 0.2878289473684211 0.49074074074074076 0.28618421052631576 0.49444444444444446 0.2730263157894737 0.49722222222222223 0.2631578947368421 0.49444444444444446 0.2631578947368421 0.48333333333333334 0.2598684210526316 0.47962962962962963 0.2598684210526316 0.4740740740740741 0.2631578947368421 0.4722222222222222
1 0.21052631578947367 0.462037037037037 0.22697368421052633 0.4648148148148148 0.22861842105263158 0.4675925925925926 0.22532894736842105 0.47129629629629627 0.21052631578947367 0.47685185185185186 0.20559210526315788 0.49074074074074076 0.20230263157894737 0.49166666666666664 0.18914473684210525 0.48703703703703705 0.18421052631578946 0.47962962962962963 0.1875 0.4722222222222222 0.19572368421052633 0.4648148148148148 0.20888157894736842 0.462037037037037
1 0.36348684210526316 0.6407407407407407 0.3684210526315789 0.6453703703703704 0.37335526315789475 0.6592592592592592 0.37006578947368424 0.6648148148148149 0.3618421052631579 0.6685185185185185 0.3536184210526316 0.6657407407407407 0.3503289473684211 0.6592592592592592 0.3503289473684211 0.6518518518518519 0.35526315789473684 0.6416666666666667 0.3618421052631579 0.6407407407407407
1 0.4786184210526316 0.6453703703703704 0.4868421052631579 0.6472222222222223 0.48848684210526316 0.6537037037037037 0.46875 0.6574074074074074 0.4506578947368421 0.6574074074074074 0.44901315789473684 0.6509259259259259 0.4588815789473684 0.6453703703703704 0.4769736842105263 0.6453703703703704
1 0.5148026315789473 0.6990740740740741 0.5263157894736842 0.7027777777777777 0.53125 0.7092592592592593 0.53125 0.7166666666666667 0.5230263157894737 0.7277777777777777 0.5115131578947368 0.7305555555555555 0.5082236842105263 0.7277777777777777 0.5082236842105263 0.7194444444444444 0.5131578947368421 0.7129629629629629 0.5098684210526315 0.7018518518518518 0.5131578947368421 0.7
1 0.46875 0.6796296296296296 0.4720394736842105 0.6805555555555556 0.47368421052631576 0.6851851851851852 0.45230263157894735 0.7111111111111111 0.4473684210526316 0.7064814814814815 0.4473684210526316 0.6944444444444444 0.4555921052631579 0.6833333333333333 0.46710526315789475 0.6796296296296296
1 0.4819078947368421 0.675 0.48848684210526316 0.6685185185185185 0.4967105263157895 0.6675925925925926 0.5032894736842105 0.6712962962962963 0.506578947368421 0.6768518518518518 0.506578947368421 0.6851851851851852 0.5032894736842105 0.687037037037037 0.49506578947368424 0.6861111111111111 0.4868421052631579 0.6814814814814815 0.48355263157894735 0.6759259259259259
1 0.3305921052631579 0.7648148148148148 0.029605263157894735 0.027777777777777776
1 0.6924342105263158 0.9462962962962963 0.6990131578947368 0.9518518518518518 0.6973684210526315 0.9574074074074074 0.6842105263157895 0.9703703703703703 0.6694078947368421 0.9768518518518519 0.6644736842105263 0.975925925925926 0.6644736842105263 0.9648148148148148 0.680921052631579 0.9490740740740741 0.6858552631578947 0.9462962962962963 0.6907894736842105 0.9462962962962963