1 0.47039473684210525 0.21574074074074073 0.48026315789473684 0.22314814814814815 0.4769736842105263 0.2351851851851852 0.45230263157894735 0.2537037037037037 0.4457236842105263 0.2574074074074074 0.4309210526315789 0.2611111111111111 0.42269736842105265 0.2601851851851852 0.41776315789473684 0.2564814814814815 0.4161184210526316 0.2351851851851852 0.43256578947368424 0.22685185185185186 0.4407894736842105 0.21574074074074073 0.4473684210526316 0.21851851851851853 0.46875 0.21574074074074073
1 0.47368421052631576 0.2824074074074074 0.48355263157894735 0.28888888888888886 0.48355263157894735 0.2962962962962963 0.4769736842105263 0.3074074074074074 0.4621710526315789 0.3212962962962963 0.4457236842105263 0.3287037037037037 0.4342105263157895 0.3314814814814815 0.42598684210526316 0.3314814814814815 0.4194078947368421 0.3287037037037037 0.4194078947368421 0.3138888888888889 0.42269736842105265 0.3101851851851852 0.41776315789473684 0.30648148148148147 0.41776315789473684 0.30277777777777776 0.4342105263157895 0.29814814814814816 0.43914473684210525 0.2935185185185185 0.43914473684210525 0.2898148148148148 0.4506578947368421 0.28425925925925927 0.4720394736842105 0.2824074074074074
1 0.44243421052631576 0.25925925925925924 0.46875 0.26296296296296295 0.4720394736842105 0.2657407407407407 0.47039473684210525 0.27314814814814814 0.4555921052631579 0.2814814814814815 0.4375 0.287962962962963 0.3996710526315789 0.29259259259259257 0.3963815789473684 0.28888888888888886 0.3963815789473684 0.2814814814814815 0.40131578947368424 0.2740740740740741 0.4144736842105263 0.2712962962962963 0.42598684210526316 0.2638888888888889 0.4407894736842105 0.2601851851851852
1 0.3536184210526316 0.2824074074074074 0.3651315789473684 0.2851851851851852 0.3930921052631579 0.28425925925925927 0.3980263157894737 0.2916666666666667 0.3930921052631579 0.3037037037037037 0.37664473684210525 0.31666666666666665 0.36348684210526316 0.32407407407407407 0.34210526315789475 0.32685185185185184 0.3338815789473684 0.325 0.33223684210526316 0.32222222222222224 0.33223684210526316 0.3074074074074074 0.3338815789473684 0.3037037037037037 0.34868421052631576 0.29814814814814816 0.3536184210526316 0.29074074074074074 0.3536184210526316 0.2833333333333333
1 0.29605263157894735 0.32222222222222224 0.31414473684210525 0.32314814814814813 0.3207236842105263 0.3296296296296296 0.31743421052631576 0.34444444444444444 0.31085526315789475 0.35462962962962963 0.2993421052631579 0.36018518518518516 0.28618421052631576 0.36018518518518516 0.2746710526315789 0.3490740740740741 0.2746710526315789 0.3351851851851852 0.2779605263157895 0.3287037037037037 0.2944078947368421 0.32314814814814813
1 0.2911184210526316 0.30185185185185187 0.31414473684210525 0.30925925925925923 0.3157894736842105 0.325 0.3092105263157895 0.32592592592592595 0.2993421052631579 0.32407407407407407 0.28289473684210525 0.32592592592592595 0.26644736842105265 0.33055555555555555 0.23684210526315788 0.32685185185185184 0.23026315789473684 0.32314814814814813 0.23026315789473684 0.31574074074074077 0.23848684210526316 0.3101851851851852 0.2582236842105263 0.30277777777777776 0.2894736842105263 0.30185185185185187
1 0.26151315789473684 0.3425925925925926 0.2730263157894737 0.35 0.28125 0.3611111111111111 0.27631578947368424 0.3731481481481482 0.26151315789473684 0.3814814814814815 0.24342105263157895 0.3814814814814815 0.22532894736842105 0.37222222222222223 0.2138157894736842 0.37037037037037035 0.19901315789473684 0.3712962962962963 0.19407894736842105 0.36944444444444446 0.20559210526315788 0.3611111111111111 0.22203947368421054 0.3574074074074074 0.23190789473684212 0.3472222222222222 0.2450657894736842 0.3425925925925926 0.2598684210526316 0.3425925925925926
1 0.7203947368421053 0.2518518518518518 0.7335526315789473 0.25462962962962965 0.7401315789473685 0.25833333333333336 0.7417763157894737 0.26296296296296295 0.7351973684210527 0.2712962962962963 0.7154605263157895 0.28425925925925927 0.6990131578947368 0.2898148148148148 0.6710526315789473 0.2916666666666667 0.662828947368421 0.29074074074074074 0.6595394736842105 0.2861111111111111 0.6661184210526315 0.26851851851851855 0.680921052631579 0.2611111111111111 0.7072368421052632 0.2564814814814815 0.7138157894736842 0.2518518518518518 0.71875 0.2518518518518518
1 0.7450657894736842 0.2898148148148148 0.7516447368421053 0.29259259259259257 0.7631578947368421 0.30462962962962964 0.7796052631578947 0.31296296296296294 0.7976973684210527 0.33425925925925926 0.7960526315789473 0.34444444444444444 0.78125 0.34814814814814815 0.7664473684210527 0.34814814814814815 0.743421052631579 0.33796296296296297 0.7384868421052632 0.32685185185185184 0.7286184210526315 0.31574074074074077 0.7286184210526315 0.3101851851851852 0.743421052631579 0.30092592592592593 0.7450657894736842 0.29074074074074074
1 0.712171052631579 0.3490740740740741 0.7335526315789473 0.3472222222222222 0.743421052631579 0.3537037037037037 0.7615131578947368 0.3537037037037037 0.7697368421052632 0.36203703703703705 0.7582236842105263 0.3731481481481482 0.7401315789473685 0.3814814814814815 0.7154605263157895 0.387037037037037 0.7039473684210527 0.3861111111111111 0.6891447368421053 0.3814814814814815 0.6842105263157895 0.375 0.6891447368421053 0.3685185185185185 0.694078947368421 0.36666666666666664 0.694078947368421 0.36203703703703705 0.712171052631579 0.35
1 0.6677631578947368 0.31851851851851853 0.6842105263157895 0.32037037037037036 0.6990131578947368 0.3277777777777778 0.7055921052631579 0.3277777777777778 0.7072368421052632 0.33425925925925926 0.712171052631579 0.33425925925925926 0.7171052631578947 0.33796296296296297 0.7203947368421053 0.337037037037037 0.7269736842105263 0.32685185185185184 0.7269736842105263 0.33055555555555555 0.7319078947368421 0.3351851851851852 0.7302631578947368 0.34629629629629627 0.7220394736842105 0.3472222222222222 0.7023026315789473 0.3592592592592593 0.6907894736842105 0.36203703703703705 0.6694078947368421 0.3592592592592593 0.6513157894736842 0.3592592592592593 0.6480263157894737 0.34814814814814815 0.6365131578947368 0.33425925925925926 0.6529605263157895 0.32037037037037036 0.6661184210526315 0.3194444444444444
1 0.5213815789473685 0.3592592592592593 0.5476973684210527 0.37222222222222223 0.5575657894736842 0.375 0.569078947368421 0.37407407407407406 0.5805921052631579 0.36944444444444446 0.5838815789473685 0.37037037037037035 0.59375 0.39814814814814814 0.5855263157894737 0.4083333333333333 0.5723684210526315 0.4148148148148148 0.5542763157894737 0.41388888888888886 0.5427631578947368 0.3925925925925926 0.5263157894736842 0.3851851851851852 0.5131578947368421 0.38333333333333336 0.5 0.37407407407407406 0.4934210526315789 0.36666666666666664 0.49506578947368424 0.36203703703703705 0.5049342105263158 0.3574074074074074 0.5197368421052632 0.3592592592592593
1 0.6595394736842105 0.37962962962962965 0.6677631578947368 0.38425925925925924 0.6710526315789473 0.38981481481481484 0.6743421052631579 0.4222222222222222 0.6694078947368421 0.42685185185185187 0.6447368421052632 0.4203703703703704 0.6398026315789473 0.4212962962962963 0.6266447368421053 0.4111111111111111 0.625 0.387037037037037 0.6282894736842105 0.38333333333333336 0.6463815789473685 0.37962962962962965 0.6578947368421053 0.37962962962962965
1 0.8898026315789473 0.19444444444444445 0.9292763157894737 0.2074074074074074 0.9490131578947368 0.21851851851851853 0.9638157894736842 0.2324074074074074 0.9638157894736842 0.2462962962962963 0.9490131578947368 0.2462962962962963 0.930921052631579 0.23796296296296296 0.9013157894736842 0.2324074074074074 0.8881578947368421 0.22037037037037038 0.875 0.21481481481481482 0.8700657894736842 0.20925925925925926 0.8700657894736842 0.20185185185185187 0.8766447368421053 0.1962962962962963 0.8881578947368421 0.19444444444444445
1 0.4407894736842105 0.4111111111111111 0.4720394736842105 0.4212962962962963 0.4868421052631579 0.4324074074074074 0.4868421052631579 0.4351851851851852 0.4654605263157895 0.44907407407407407 0.4555921052631579 0.44907407407407407 0.44901315789473684 0.45185185185185184 0.4375 0.45 0.4309210526315789 0.4462962962962963 0.4243421052631579 0.4324074074074074 0.4161184210526316 0.42592592592592593 0.41776315789473684 0.4166666666666667 0.4276315789473684 0.41203703703703703 0.43914473684210525 0.4111111111111111
1 0.09375 0.45092592592592595 0.10197368421052631 0.4601851851851852 0.11348684210526316 0.4666666666666667 0.12335526315789473 0.4824074074074074 0.12171052631578948 0.4962962962962963 0.11513157894736842 0.5009259259259259 0.1118421052631579 0.5 0.10197368421052631 0.5027777777777778 0.09046052631578948 0.5018518518518519 0.07236842105263158 0.4861111111111111 0.05592105263157895 0.47685185185185186 0.06578947368421052 0.45925925925925926 0.09210526315789473 0.45092592592592595
1 0.12171052631578948 0.38981481481481484 0.12335526315789473 0.4046296296296296 0.12664473684210525 0.4083333333333333 0.13980263157894737 0.4111111111111111 0.14473684210526316 0.4148148148148148 0.14473684210526316 0.425 0.13980263157894737 0.4287037037037037 0.13157894736842105 0.4305555555555556 0.1118421052631579 0.4305555555555556 0.09210526315789473 0.42685185185185187 0.07072368421052631 0.42592592592592593 0.05756578947368421 0.4212962962962963 0.05756578947368421 0.4101851851851852 0.07072368421052631 0.4027777777777778 0.09868421052631579 0.4027777777777778 0.10526315789473684 0.3962962962962963 0.12006578947368421 0.38981481481481484
1 0.6957236842105263 0.6805555555555556 0.71875 0.6861111111111111 0.7368421052631579 0.687037037037037 0.7450657894736842 0.6907407407407408 0.7467105263157895 0.6898148148148148 0.75 0.6935185185185185 0.7549342105263158 0.6935185185185185 0.7648026315789473 0.7 0.7615131578947368 0.7092592592592593 0.7549342105263158 0.7166666666666667 0.7302631578947368 0.7166666666666667 0.71875 0.7185185185185186 0.7105263157894737 0.7231481481481481 0.6957236842105263 0.725 0.6759868421052632 0.7379629629629629 0.6644736842105263 0.7379629629629629 0.6529605263157895 0.7314814814814815 0.6414473684210527 0.7287037037037037 0.600328947368421 0.7287037037037037 0.5805921052631579 0.7157407407407408 0.5789473684210527 0.6990740740740741 0.5904605263157895 0.687962962962963 0.6118421052631579 0.6814814814814815 0.6398026315789473 0.6787037037037037 0.694078947368421 0.6805555555555556
1 0.6644736842105263 0.12407407407407407 0.694078947368421 0.12962962962962962 0.6990131578947368 0.13518518518518519 0.6957236842105263 0.14444444444444443 0.6825657894736842 0.1574074074074074 0.6726973684210527 0.16296296296296298 0.6578947368421053 0.1675925925925926 0.6365131578947368 0.16666666666666666 0.6299342105263158 0.1648148148148148 0.6217105263157895 0.15833333333333333 0.625 0.14907407407407408 0.6463815789473685 0.1388888888888889 0.6480263157894737 0.13240740740740742 0.6447368421052632 0.12685185185185185 0.6595394736842105 0.1287037037037037 0.6644736842105263 0.125
1 0.5986842105263158 0.1 0.6134868421052632 0.10462962962962963 0.6299342105263158 0.10555555555555556 0.6414473684210527 0.11296296296296296 0.6430921052631579 0.11944444444444445 0.6398026315789473 0.12222222222222222 0.6266447368421053 0.125 0.6151315789473685 0.13055555555555556 0.5707236842105263 0.13796296296296295 0.5427631578947368 0.13703703703703704 0.5361842105263158 0.13425925925925927 0.5361842105263158 0.13055555555555556 0.5427631578947368 0.1287037037037037 0.5575657894736842 0.11944444444444445 0.5575657894736842 0.11018518518518519 0.5608552631578947 0.10833333333333334 0.5756578947368421 0.1111111111111111 0.5773026315789473 0.10925925925925926 0.587171052631579 0.10740740740740741 0.5921052631578947 0.1 0.5970394736842105 0.1
1 0.45723684210526316 0.1111111111111111 0.4819078947368421 0.11574074074074074 0.4868421052631579 0.11851851851851852 0.4901315789473684 0.1287037037037037 0.48355263157894735 0.13425925925925927 0.47039473684210525 0.13796296296296295 0.4555921052631579 0.14722222222222223 0.44243421052631576 0.14814814814814814 0.3996710526315789 0.1425925925925926 0.3963815789473684 0.14074074074074075 0.3963815789473684 0.13240740740740742 0.4095394736842105 0.1259259259259259 0.4128289473684211 0.12129629629629629 0.40625 0.11296296296296296 0.42105263157894735 0.11666666666666667 0.42598684210526316 0.11574074074074074 0.4440789473684211 0.1037037037037037 0.4555921052631579 0.1111111111111111
1 0.8930921052631579 0.03518518518518519 0.9046052631578947 0.03796296296296296 0.9358552631578947 0.05925925925925926 0.9358552631578947 0.06574074074074074 0.9325657894736842 0.06944444444444445 0.9111842105263158 0.07314814814814814 0.8930921052631579 0.07222222222222222 0.8881578947368421 0.06666666666666667 0.8618421052631579 0.053703703703703705 0.8618421052631579 0.04814814814814815 0.8700657894736842 0.03981481481481482 0.8914473684210527 0.03518518518518519
1 0.9243421052631579 0.008333333333333333 0.9375 0.009259259259259259 0.9490131578947368 0.012962962962962963 0.962171052631579 0.028703703703703703 0.962171052631579 0.04259259259259259 0.9539473684210527 0.053703703703703705 0.9424342105263158 0.058333333333333334 0.9375 0.058333333333333334 0.9161184210526315 0.046296296296296294 0.9078947368421053 0.03611111111111111 0.9095394736842105 0.014814814814814815 0.9226973684210527 0.008333333333333333
1 0.9835526315789473 0.03333333333333333 0.993421052631579 0.05 0.9983552631578947 0.05277777777777778 0.9983552631578947 0.08981481481481482 0.9835526315789473 0.09166666666666666 0.9736842105263158 0.08981481481481482 0.9588815789473685 0.09074074074074075 0.9523026315789473 0.08888888888888889 0.9506578947368421 0.075 0.9457236842105263 0.06851851851851852 0.9473684210526315 0.05925925925925926 0.9555921052631579 0.05277777777777778 0.9605263157894737 0.044444444444444446 0.9654605263157895 0.040740740740740744 0.9769736842105263 0.04351851851851852 0.9819078947368421 0.03425925925925926
1 0.618421052631579 0.7537037037037037 0.6282894736842105 0.7518518518518519 0.6430921052631579 0.7537037037037037 0.65625 0.7666666666666667 0.6677631578947368 0.7944444444444444 0.6644736842105263 0.8138888888888889 0.6430921052631579 0.8138888888888889 0.6200657894736842 0.7796296296296297 0.6167763157894737 0.7694444444444445 0.618421052631579 0.7546296296296297
1 0.6990131578947368 0.8342592592592593 0.7039473684210527 0.8351851851851851 0.712171052631579 0.8416666666666667 0.7138157894736842 0.8472222222222222 0.7171052631578947 0.8759259259259259 0.7088815789473685 0.8916666666666667 0.6990131578947368 0.8944444444444445 0.680921052631579 0.8870370370370371 0.6710526315789473 0.8861111111111111 0.6661184210526315 0.8824074074074074 0.6694078947368421 0.8648148148148148 0.6792763157894737 0.8583333333333333 0.6759868421052632 0.85 0.6776315789473685 0.8425925925925926 0.6875 0.8361111111111111 0.6973684210526315 0.8351851851851851
1 0.9588815789473685 0.875 0.9654605263157895 0.8805555555555555 0.96875 0.8925925925925926 0.962171052631579 0.9064814814814814 0.9588815789473685 0.9083333333333333 0.9555921052631579 0.9064814814814814 0.9506578947368421 0.9101851851851852 0.9506578947368421 0.9212962962962963 0.9473684210526315 0.924074074074074 0.9457236842105263 0.9361111111111111 0.9358552631578947 0.9481481481481482 0.9292763157894737 0.950925925925926 0.9177631578947368 0.950925925925926 0.9111842105263158 0.9490740740740741 0.8898026315789473 0.937962962962963 0.8947368421052632 0.9231481481481482 0.8930921052631579 0.9148148148148149 0.8963815789473685 0.9083333333333333 0.9013157894736842 0.9074074074074074 0.9013157894736842 0.9037037037037037 0.90625 0.9009259259259259 0.9046052631578947 0.8972222222222223 0.9078947368421053 0.8907407407407407 0.9161184210526315 0.8870370370370371 0.9161184210526315 0.8833333333333333 0.9226973684210527 0.8805555555555555 0.9226973684210527 0.8768518518518519 0.9276315789473685 0.875 0.9572368421052632 0.875
1 0.3618421052631579 0.9185185185185185 0.34539473684210525 0.9074074074074074 0.3404605263157895 0.9 0.34210526315789475 0.8925925925925926 0.35526315789473684 0.8824074074074074 0.3651315789473684 0.8768518518518519 0.38651315789473684 0.8759259259259259 0.3963815789473684 0.8861111111111111 0.39473684210526316 0.8944444444444445 0.3832236842105263 0.9018518518518519 0.3717105263157895 0.9046296296296297 0.3684210526315789 0.9138888888888889 0.36348684210526316 0.9175925925925926
1 0.28289473684210525 0.4148148148148148 0.3026315789473684 0.42407407407407405 0.3042763157894737 0.4361111111111111 0.29769736842105265 0.45555555555555555 0.2911184210526316 0.462037037037037 0.2779605263157895 0.4666666666666667 0.26480263157894735 0.4638888888888889 0.2450657894736842 0.4351851851851852 0.2565789473684211 0.42777777777777776 0.2565789473684211 0.42407407407407405 0.26480263157894735 0.41574074074074074 0.2746710526315789 0.4111111111111111 0.28125 0.4148148148148148
1 0.3059210526315789 0.39166666666666666 0.3223684210526316 0.4009259259259259 0.32730263157894735 0.4074074074074074 0.3305921052631579 0.42592592592592593 0.3223684210526316 0.42962962962962964 0.3059210526315789 0.4287037037037037 0.30098684210526316 0.42407407407407405 0.2779605263157895 0.4148148148148148 0.27631578947368424 0.4009259259259259 0.27960526315789475 0.3962962962962963 0.2878289473684211 0.39166666666666666 0.3042763157894737 0.39166666666666666
1 0.35526315789473684 0.4009259259259259 0.3667763157894737 0.4046296296296296 0.375 0.39351851851851855 0.37993421052631576 0.39351851851851855 0.3832236842105263 0.4101851851851852 0.39473684210526316 0.41944444444444445 0.39473684210526316 0.42407407407407405 0.38651315789473684 0.4287037037037037 0.34210526315789475 0.4287037037037037 0.3338815789473684 0.42685185185185187 0.32730263157894735 0.4148148148148148 0.32730263157894735 0.4064814814814815 0.3404605263157895 0.4 0.3536184210526316 0.4009259259259259
1 0.008223684210526315 0.44351851851851853 0.02631578947368421 0.44351851851851853 0.03453947368421053 0.45185185185185184 0.046052631578947366 0.45555555555555555 0.044407894736842105 0.4638888888888889 0.05098684210526316 0.4759259259259259 0.05098684210526316 0.48518518518518516 0.047697368421052634 0.49166666666666664 0.027960526315789474 0.5046296296296297 0.019736842105263157 0.5046296296296297 0.009868421052631578 0.5 0.006578947368421052 0.4925925925925926 0 0.487962962962963 0 0.44537037037037036 0.006578947368421052 0.44351851851851853
1 0.805921052631579 0.37222222222222223 0.8141447368421053 0.3731481481481482 0.8273026315789473 0.3787037037037037 0.8404605263157895 0.3787037037037037 0.8618421052631579 0.38333333333333336 0.8799342105263158 0.3824074074074074 0.8898026315789473 0.3861111111111111 0.90625 0.3972222222222222 0.90625 0.4074074074074074 0.899671052631579 0.4111111111111111 0.8733552631578947 0.41203703703703703 0.868421052631579 0.4101851851851852 0.8569078947368421 0.41203703703703703 0.8470394736842105 0.41759259259259257 0.8453947368421053 0.42407407407407405 0.8305921052631579 0.43333333333333335 0.8273026315789473 0.4324074074074074 0.8174342105263158 0.43796296296296294 0.8141447368421053 0.4425925925925926 0.805921052631579 0.4425925925925926 0.8026315789473685 0.44074074074074077 0.7993421052631579 0.4425925925925926 0.8026315789473685 0.4388888888888889 0.7944078947368421 0.43148148148148147 0.7861842105263158 0.42777777777777776 0.7845394736842105 0.4148148148148148 0.787828947368421 0.40925925925925927 0.787828947368421 0.4 0.7796052631578947 0.38981481481481484 0.7828947368421053 0.37592592592592594 0.7927631578947368 0.37222222222222223 0.8042763157894737 0.37222222222222223