1 0.5148026315789473 0.37962962962962965 0.5230263157894737 0.38425925925925924 0.5279605263157895 0.39351851851851855 0.5279605263157895 0.40185185185185185 0.5197368421052632 0.4083333333333333 0.5032894736842105 0.40370370370370373 0.49835526315789475 0.39444444444444443 0.5 0.38333333333333336 0.5082236842105263 0.37962962962962965 0.5131578947368421 0.37962962962962965
1 0.5444078947368421 0.4064814814814815 0.5493421052631579 0.4148148148148148 0.5476973684210527 0.4203703703703704 0.537828947368421 0.43425925925925923 0.5279605263157895 0.43796296296296294 0.5213815789473685 0.43796296296296294 0.5131578947368421 0.4351851851851852 0.5131578947368421 0.42314814814814816 0.5230263157894737 0.40925925925925927 0.53125 0.4064814814814815 0.5427631578947368 0.4064814814814815
1 0.5016447368421053 0.425 0.5098684210526315 0.42777777777777776 0.5115131578947368 0.43796296296296294 0.5049342105263158 0.4462962962962963 0.49506578947368424 0.45092592592592595 0.4868421052631579 0.45 0.48026315789473684 0.4462962962962963 0.4769736842105263 0.43796296296296294 0.4901315789473684 0.42685185185185187 0.5 0.425
1 0.4407894736842105 0.40370370370370373 0.4440789473684211 0.4064814814814815 0.4473684210526316 0.4222222222222222 0.4457236842105263 0.43148148148148147 0.44243421052631576 0.43333333333333335 0.4342105263157895 0.43333333333333335 0.4243421052631579 0.42962962962962964 0.4144736842105263 0.4185185185185185 0.41776315789473684 0.4101851851851852 0.43914473684210525 0.40370370370370373
1 0.4375 0.4583333333333333 0.43256578947368424 0.44166666666666665 0.4407894736842105 0.4351851851851852 0.45230263157894735 0.4351851851851852 0.4588815789473684 0.4388888888888889 0.4605263157894737 0.4546296296296296 0.4555921052631579 0.4583333333333333 0.43914473684210525 0.4583333333333333
1 0.37911184210526316 0.4444444444444444 0.03453947368421053 0.027777777777777776
1 0.3782894736842105 0.45925925925925926 0.37993421052631576 0.46296296296296297 0.37664473684210525 0.4685185185185185 0.3503289473684211 0.47314814814814815 0.33223684210526316 0.4703703703703704 0.33223684210526316 0.46574074074074073 0.3404605263157895 0.46111111111111114 0.35526315789473684 0.4564814814814815 0.3684210526315789 0.4564814814814815 0.37664473684210525 0.45925925925925926
1 0.3963815789473684 0.45555555555555555 0.41118421052631576 0.45555555555555555 0.42269736842105265 0.46111111111111114 0.4276315789473684 0.4685185185185185 0.42598684210526316 0.4740740740740741 0.42105263157894735 0.47685185185185186 0.4144736842105263 0.47685185185185186 0.40131578947368424 0.47314814814814815 0.39144736842105265 0.4666666666666667 0.39144736842105265 0.46111111111111114 0.3963815789473684 0.4564814814814815
1 0.3815789473684211 0.4842592592592593 0.38651315789473684 0.4861111111111111 0.3881578947368421 0.4981481481481482 0.38651315789473684 0.5046296296296297 0.37993421052631576 0.5092592592592593 0.36348684210526316 0.5083333333333333 0.35855263157894735 0.5018518518518519 0.35855263157894735 0.49537037037037035 0.36348684210526316 0.487962962962963 0.37006578947368424 0.48518518518518516 0.37993421052631576 0.4842592592592593
1 0.32401315789473684 0.47962962962962963 0.3371710526315789 0.4861111111111111 0.35855263157894735 0.487962962962963 0.35855263157894735 0.49444444444444446 0.3536184210526316 0.5009259259259259 0.3305921052631579 0.5120370370370371 0.3207236842105263 0.5120370370370371 0.3157894736842105 0.5101851851851852 0.3092105263157895 0.49907407407407406 0.29769736842105265 0.487962962962963 0.30098684210526316 0.48055555555555557 0.3223684210526316 0.47962962962962963
1 0.3157894736842105 0.38333333333333336 0.33223684210526316 0.3851851851851852 0.3371710526315789 0.3888888888888889 0.34210526315789475 0.3990740740740741 0.34210526315789475 0.4083333333333333 0.3355263157894737 0.41203703703703703 0.3207236842105263 0.41203703703703703 0.3059210526315789 0.39814814814814814 0.3059210526315789 0.3851851851851852 0.31414473684210525 0.38333333333333336
1 0.10032894736842106 0.3731481481481482 0.10855263157894737 0.3814814814814815 0.11842105263157894 0.387037037037037 0.11842105263157894 0.38981481481481484 0.1118421052631579 0.39444444444444443 0.10197368421052631 0.3972222222222222 0.08552631578947369 0.39814814814814814 0.06414473684210527 0.3972222222222222 0.05921052631578947 0.39444444444444443 0.06085526315789474 0.38425925925925924 0.06414473684210527 0.3814814814814815 0.0805921052631579 0.38055555555555554 0.09046052631578948 0.3731481481481482 0.09868421052631579 0.3731481481481482
1 0.05592105263157895 0.3962962962962963 0.0625 0.4 0.0625 0.4101851851851852 0.06085526315789474 0.41388888888888886 0.046052631578947366 0.425 0.039473684210526314 0.42685185185185187 0.024671052631578948 0.425 0.02138157894736842 0.4222222222222222 0.02138157894736842 0.4111111111111111 0.018092105263157895 0.4074074074074074 0.024671052631578948 0.4064814814814815 0.03782894736842105 0.3972222222222222 0.054276315789473686 0.3972222222222222
1 0.018092105263157895 0.4787037037037037 0.02631578947368421 0.48333333333333334 0.04276315789473684 0.48333333333333334 0.049342105263157895 0.487962962962963 0.05592105263157895 0.4861111111111111 0.0625 0.4898148148148148 0.06907894736842106 0.4888888888888889 0.08223684210526316 0.49722222222222223 0.08388157894736842 0.5046296296296297 0.07401315789473684 0.5074074074074074 0.05756578947368421 0.5074074074074074 0.02138157894736842 0.5009259259259259 0 0.5009259259259259 0 0.47962962962962963 0.006578947368421052 0.48148148148148145 0.01644736842105263 0.47962962962962963
1 0.13157894736842105 0.46944444444444444 0.14638157894736842 0.4703703703703704 0.15296052631578946 0.47685185185185186 0.1513157894736842 0.49444444444444446 0.14638157894736842 0.4981481481481482 0.13322368421052633 0.4981481481481482 0.125 0.49074074074074076 0.12335526315789473 0.48055555555555557 0.12335526315789473 0.4759259259259259 0.13157894736842105 0.4703703703703704
1 0.14638157894736842 0.42314814814814816 0.15460526315789475 0.43333333333333335 0.15625 0.4462962962962963 0.14309210526315788 0.4527777777777778 0.13486842105263158 0.4527777777777778 0.12828947368421054 0.44907407407407407 0.125 0.4388888888888889 0.13157894736842105 0.42592592592592593 0.14473684210526316 0.42314814814814816
1 0.23355263157894737 0.39537037037037037 0.26480263157894735 0.4074074074074074 0.2730263157894737 0.41203703703703703 0.2746710526315789 0.4185185185185185 0.2582236842105263 0.4185185185185185 0.25 0.41574074074074074 0.24177631578947367 0.4166666666666667 0.2236842105263158 0.4111111111111111 0.2138157894736842 0.4027777777777778 0.2138157894736842 0.39814814814814814 0.22039473684210525 0.39537037037037037 0.23190789473684212 0.39537037037037037
1 0.48355263157894735 0.32037037037037036 0.4868421052631579 0.325 0.47368421052631576 0.33240740740740743 0.44901315789473684 0.3333333333333333 0.4375 0.32314814814814813 0.4375 0.31666666666666665 0.4407894736842105 0.31203703703703706 0.4555921052631579 0.30648148148148147 0.4769736842105263 0.30833333333333335 0.4786184210526316 0.3175925925925926 0.4819078947368421 0.32037037037037036
1 0.6134868421052632 0.3472222222222222 0.6447368421052632 0.3611111111111111 0.6463815789473685 0.3675925925925926 0.6447368421052632 0.36944444444444446 0.6266447368421053 0.36944444444444446 0.618421052631579 0.36666666666666664 0.6118421052631579 0.375 0.6069078947368421 0.3638888888888889 0.5904605263157895 0.3537037037037037 0.5904605263157895 0.34814814814814815 0.59375 0.3453703703703704 0.6052631578947368 0.3453703703703704 0.6118421052631579 0.3472222222222222
1 0.6611842105263158 0.387037037037037 0.6677631578947368 0.39351851851851855 0.6694078947368421 0.4074074074074074 0.6644736842105263 0.412962962962963 0.6578947368421053 0.412962962962963 0.6463815789473685 0.4046296296296296 0.649671052631579 0.38981481481481484 0.6546052631578947 0.387037037037037 0.6595394736842105 0.387037037037037
1 0.6694078947368421 0.43703703703703706 0.6759868421052632 0.43796296296296294 0.680921052631579 0.4425925925925926 0.6776315789473685 0.4583333333333333 0.6677631578947368 0.4638888888888889 0.6463815789473685 0.4666666666666667 0.6430921052631579 0.4666666666666667 0.6381578947368421 0.46296296296296297 0.6398026315789473 0.44351851851851853 0.6463815789473685 0.4388888888888889 0.6611842105263158 0.4398148148148148 0.6677631578947368 0.43703703703703706
1 0.5526315789473685 0.4388888888888889 0.5575657894736842 0.4398148148148148 0.569078947368421 0.4351851851851852 0.5904605263157895 0.4351851851851852 0.5789473684210527 0.46296296296296297 0.5657894736842105 0.4685185185185185 0.5575657894736842 0.4675925925925926 0.5509868421052632 0.4601851851851852 0.5526315789473685 0.4398148148148148
1 0.7335526315789473 0.36944444444444446 0.7203947368421053 0.36574074074074076 0.712171052631579 0.36574074074074076 0.7072368421052632 0.36203703703703705 0.712171052631579 0.35185185185185186 0.712171052631579 0.33240740740740743 0.7302631578947368 0.32222222222222224 0.7467105263157895 0.31851851851851853 0.7582236842105263 0.31851851851851853 0.7680921052631579 0.32037037037037036 0.7713815789473685 0.32314814814814813 0.7697368421052632 0.32685185185185184 0.756578947368421 0.33425925925925926 0.756578947368421 0.3416666666666667 0.75 0.35555555555555557 0.7335526315789473 0.3685185185185185
1 0.3963815789473684 0.7768518518518519 0.40460526315789475 0.7787037037037037 0.4095394736842105 0.7768518518518519 0.4128289473684211 0.7722222222222223 0.4194078947368421 0.7712962962962963 0.43256578947368424 0.7722222222222223 0.4342105263157895 0.774074074074074 0.4342105263157895 0.7805555555555556 0.4292763157894737 0.7861111111111111 0.4309210526315789 0.7981481481481482 0.4194078947368421 0.8092592592592592 0.4128289473684211 0.8203703703703704 0.39473684210526316 0.8287037037037037 0.3832236842105263 0.8268518518518518 0.36348684210526316 0.8268518518518518 0.3503289473684211 0.8203703703703704 0.34539473684210525 0.8138888888888889 0.3305921052631579 0.8037037037037037 0.3338815789473684 0.7944444444444444 0.34210526315789475 0.7935185185185185 0.3569078947368421 0.7851851851851852 0.3684210526315789 0.7814814814814814 0.39473684210526316 0.7777777777777778
1 0.4128289473684211 0.49074074074074076 0.42105263157894735 0.4824074074074074 0.43585526315789475 0.48148148148148145 0.44243421052631576 0.48518518518518516 0.44243421052631576 0.487962962962963 0.43256578947368424 0.49444444444444446 0.4161184210526316 0.49537037037037035 0.4144736842105263 0.49166666666666664
1 0.5049342105263158 0.4666666666666667 0.5098684210526315 0.4722222222222222 0.5098684210526315 0.47962962962962963 0.5049342105263158 0.48518518518518516 0.49835526315789475 0.487962962962963 0.4868421052631579 0.48703703703703705 0.48355263157894735 0.48055555555555557 0.48519736842105265 0.4703703703703704 0.49506578947368424 0.4666666666666667 0.5032894736842105 0.4666666666666667
1 0.2713815789473684 0.46944444444444444 0.28289473684210525 0.4685185185185185 0.29276315789473684 0.47129629629629627 0.29769736842105265 0.4759259259259259 0.2944078947368421 0.48055555555555557 0.2845394736842105 0.4861111111111111 0.27631578947368424 0.487962962962963 0.2582236842105263 0.4898148148148148 0.24342105263157895 0.487962962962963 0.24342105263157895 0.48333333333333334 0.25 0.475 0.2713815789473684 0.4703703703703704
1 0.07648026315789473 0.4597222222222222 0.03782894736842105 0.028703703703703703
1 0.09868421052631579 0.45 0.11019736842105263 0.44907407407407407 0.11677631578947369 0.4527777777777778 0.12171052631578948 0.4601851851851852 0.12171052631578948 0.4666666666666667 0.11677631578947369 0.475 0.10526315789473684 0.47685185185185186 0.09375 0.4666666666666667 0.09375 0.4583333333333333 0.09868421052631579 0.45092592592592595
1 0.6447368421052632 0.2388888888888889 0.6529605263157895 0.23796296296296296 0.6611842105263158 0.24074074074074073 0.6644736842105263 0.2490740740740741 0.6611842105263158 0.26296296296296295 0.6694078947368421 0.28055555555555556 0.6694078947368421 0.28888888888888886 0.662828947368421 0.2935185185185185 0.6430921052631579 0.2953703703703704 0.6365131578947368 0.29074074074074074 0.6299342105263158 0.2564814814814815 0.6447368421052632 0.23981481481481481
1 0.5707236842105263 0.25555555555555554 0.5805921052631579 0.262037037037037 0.5953947368421053 0.2601851851851852 0.600328947368421 0.26481481481481484 0.5888157894736842 0.2759259259259259 0.5773026315789473 0.2824074074074074 0.5641447368421053 0.28703703703703703 0.5575657894736842 0.28703703703703703 0.5476973684210527 0.2824074074074074 0.5460526315789473 0.27685185185185185 0.555921052631579 0.2657407407407407 0.5674342105263158 0.2611111111111111 0.5707236842105263 0.2564814814814815
1 0.44243421052631576 0.23796296296296296 0.4555921052631579 0.24351851851851852 0.4555921052631579 0.25092592592592594 0.4342105263157895 0.2722222222222222 0.42598684210526316 0.275 0.41118421052631576 0.2722222222222222 0.40789473684210525 0.26851851851851855 0.40789473684210525 0.262037037037037 0.41118421052631576 0.25462962962962965 0.4161184210526316 0.25277777777777777 0.42105263157894735 0.24444444444444444 0.43585526315789475 0.23796296296296296 0.4407894736842105 0.23796296296296296
1 0.9210526315789473 0.10648148148148148 0.9276315789473685 0.10740740740740741 0.9342105263157895 0.11203703703703703 0.9276315789473685 0.12685185185185185 0.9194078947368421 0.12962962962962962 0.8963815789473685 0.13055555555555556 0.8799342105263158 0.13425925925925927 0.8667763157894737 0.11944444444444445 0.868421052631579 0.11388888888888889 0.8881578947368421 0.10740740740740741 0.90625 0.10555555555555556 0.9194078947368421 0.10648148148148148
1 0.8305921052631579 0.35648148148148145 0.837171052631579 0.35833333333333334 0.8404605263157895 0.36203703703703705 0.8421052631578947 0.37037037037037035 0.8388157894736842 0.38333333333333336 0.8240131578947368 0.39166666666666666 0.8207236842105263 0.4074074074074074 0.8125 0.4074074074074074 0.7894736842105263 0.39351851851851855 0.787828947368421 0.3824074074074074 0.8141447368421053 0.35833333333333334 0.8289473684210527 0.35648148148148145
1 0.7302631578947368 0.425 0.7335526315789473 0.42685185185185187 0.7335526315789473 0.4324074074074074 0.7269736842105263 0.4388888888888889 0.7154605263157895 0.44351851851851853 0.6957236842105263 0.44351851851851853 0.6924342105263158 0.44074074074074077 0.694078947368421 0.43425925925925923 0.7203947368421053 0.425 0.7286184210526315 0.425
1 0.6299342105263158 0.4324074074074074 0.6381578947368421 0.4351851851851852 0.6332236842105263 0.45 0.6151315789473685 0.4564814814814815 0.6052631578947368 0.45555555555555555 0.6052631578947368 0.44907407407407407 0.6134868421052632 0.4351851851851852 0.6282894736842105 0.4324074074074074