1 0.5723684210526315 0.37407407407407406 0.5822368421052632 0.37592592592592594 0.5986842105263158 0.38333333333333336 0.6134868421052632 0.3990740740740741 0.6299342105263158 0.40555555555555556 0.6381578947368421 0.43425925925925923 0.6332236842105263 0.4444444444444444 0.6299342105263158 0.44351851851851853 0.6266447368421053 0.44537037037037036 0.6118421052631579 0.4425925925925926 0.5986842105263158 0.43333333333333335 0.59375 0.42685185185185187 0.5904605263157895 0.42685185185185187 0.5822368421052632 0.4324074074074074 0.5789473684210527 0.43148148148148147 0.5773026315789473 0.425 0.569078947368421 0.41944444444444445 0.569078947368421 0.40185185185185185 0.5608552631578947 0.39814814814814814 0.555921052631579 0.3990740740740741 0.5460526315789473 0.39351851851851855 0.5460526315789473 0.3888888888888889 0.5526315789473685 0.37962962962962965 0.5592105263157895 0.37592592592592594 0.5707236842105263 0.37407407407407406
1 0.6595394736842105 0.2074074074074074 0.6743421052631579 0.21296296296296297 0.6875 0.22685185185185186 0.6858552631578947 0.23425925925925925 0.6694078947368421 0.24074074074074073 0.6332236842105263 0.23796296296296296 0.618421052631579 0.23333333333333334 0.6085526315789473 0.22777777777777777 0.6085526315789473 0.22314814814814815 0.6200657894736842 0.21481481481481482 0.6348684210526315 0.21203703703703702 0.6480263157894737 0.21203703703703702 0.6578947368421053 0.2074074074074074
1 0.3092105263157895 0.25555555555555554 0.31085526315789475 0.262037037037037 0.32401315789473684 0.2657407407407407 0.3305921052631579 0.2722222222222222 0.3305921052631579 0.2759259259259259 0.30756578947368424 0.30462962962962964 0.2944078947368421 0.30925925925925923 0.2713815789473684 0.3101851851851852 0.2631578947368421 0.30277777777777776 0.2598684210526316 0.2861111111111111 0.26480263157894735 0.28055555555555556 0.28289473684210525 0.27870370370370373 0.2894736842105263 0.2759259259259259 0.30756578947368424 0.2564814814814815
1 0.5164473684210527 0.33796296296296297 0.5296052631578947 0.34444444444444444 0.5394736842105263 0.34444444444444444 0.5427631578947368 0.34629629629629627 0.5444078947368421 0.3592592592592593 0.53125 0.36666666666666664 0.4917763157894737 0.3712962962962963 0.47039473684210525 0.3712962962962963 0.4654605263157895 0.36944444444444446 0.4654605263157895 0.3648148148148148 0.48026315789473684 0.3509259259259259 0.5 0.3509259259259259 0.5049342105263158 0.3472222222222222 0.5082236842105263 0.3388888888888889 0.5148026315789473 0.33796296296296297
1 0.8898026315789473 0.3175925925925926 0.8963815789473685 0.32037037037037036 0.9046052631578947 0.33240740740740743 0.9029605263157895 0.35555555555555557 0.8930921052631579 0.36574074074074076 0.881578947368421 0.36666666666666664 0.8717105263157895 0.3592592592592593 0.8552631578947368 0.3574074074074074 0.8453947368421053 0.3490740740740741 0.8618421052631579 0.32222222222222224 0.8651315789473685 0.32037037037037036 0.8881578947368421 0.31851851851851853
1 6.7261513157894735 0.6032407407407407 11.452302631578947 0.09351851851851851
1 0.975328947368421 0.27870370370370373 0.9835526315789473 0.2824074074074074 0.9786184210526315 0.29907407407407405 0.9638157894736842 0.3148148148148148 0.9424342105263158 0.32407407407407407 0.9276315789473685 0.32222222222222224 0.9243421052631579 0.31851851851851853 0.9259868421052632 0.31296296296296294 0.9177631578947368 0.30925925925925923 0.9407894736842105 0.3 0.9473684210526315 0.28888888888888886 0.9572368421052632 0.28055555555555556 0.962171052631579 0.27870370370370373 0.9736842105263158 0.27870370370370373
1 0.9654605263157895 0.2462962962962963 0.9720394736842105 0.25 0.9720394736842105 0.26296296296296295 0.9605263157894737 0.27870370370370373 0.944078947368421 0.29074074074074074 0.9292763157894737 0.2898148148148148 0.9194078947368421 0.2814814814814815 0.9095394736842105 0.27870370370370373 0.9095394736842105 0.2759259259259259 0.9194078947368421 0.27314814814814814 0.9243421052631579 0.25833333333333336 0.930921052631579 0.25462962962962965 0.9523026315789473 0.2462962962962963 0.9638157894736842 0.2462962962962963
1 0.8453947368421053 0.18333333333333332 0.850328947368421 0.18611111111111112 0.8519736842105263 0.19166666666666668 0.8651315789473685 0.19537037037037036 0.8667763157894737 0.20462962962962963 0.8618421052631579 0.2111111111111111 0.8519736842105263 0.21481481481481482 0.8223684210526315 0.21944444444444444 0.7861842105263158 0.21296296296296297 0.7861842105263158 0.2074074074074074 0.7927631578947368 0.20092592592592592 0.8125 0.1925925925925926 0.8125 0.18611111111111112 0.8305921052631579 0.19444444444444445 0.837171052631579 0.19444444444444445 0.84375 0.18425925925925926
1 0.8092105263157895 0.1675925925925926 0.8075657894736842 0.1787037037037037 0.8108552631578947 0.18703703703703703 0.805921052631579 0.1925925925925926 0.787828947368421 0.20277777777777778 0.7680921052631579 0.2037037037037037 0.7549342105263158 0.2064814814814815 0.7351973684210527 0.20555555555555555 0.7302631578947368 0.2 0.7302631578947368 0.1935185185185185 0.7368421052631579 0.18611111111111112 0.7467105263157895 0.18703703703703703 0.756578947368421 0.1824074074074074 0.7648026315789473 0.16944444444444445 0.7730263157894737 0.16944444444444445 0.78125 0.17592592592592593 0.7861842105263158 0.17685185185185184 0.7960526315789473 0.16944444444444445 0.8026315789473685 0.1675925925925926 0.8075657894736842 0.1685185185185185
1 0.7993421052631579 0.09814814814814815 0.8075657894736842 0.10185185185185185 0.8207236842105263 0.1 0.837171052631579 0.10555555555555556 0.8453947368421053 0.11203703703703703 0.84375 0.11944444444444445 0.8092105263157895 0.13518518518518519 0.8075657894736842 0.13240740740740742 0.8042763157894737 0.13425925925925927 0.7993421052631579 0.13333333333333333 0.7845394736842105 0.1361111111111111 0.774671052631579 0.1361111111111111 0.7648026315789473 0.13333333333333333 0.7598684210526315 0.12962962962962962 0.7615131578947368 0.12222222222222222 0.7796052631578947 0.11203703703703703 0.7697368421052632 0.10555555555555556 0.7927631578947368 0.10740740740740741 0.7976973684210527 0.10462962962962963 0.7976973684210527 0.09907407407407408
1 0.8898026315789473 0.06018518518518518 0.9078947368421053 0.06574074074074074 0.9095394736842105 0.08055555555555556 0.9078947368421053 0.08611111111111111 0.8980263157894737 0.09259259259259259 0.8947368421052632 0.10277777777777777 0.8865131578947368 0.10925925925925926 0.8733552631578947 0.11388888888888889 0.8634868421052632 0.11388888888888889 0.8519736842105263 0.1111111111111111 0.8470394736842105 0.10277777777777777 0.850328947368421 0.09074074074074075 0.84375 0.0787037037037037 0.8618421052631579 0.07592592592592592 0.8717105263157895 0.06111111111111111 0.8881578947368421 0.06111111111111111
1 0.8717105263157895 0.11574074074074074 0.8832236842105263 0.12685185185185185 0.899671052631579 0.12222222222222222 0.912828947368421 0.12129629629629629 0.9226973684210527 0.13333333333333333 0.9210526315789473 0.1398148148148148 0.8799342105263158 0.16944444444444445 0.8667763157894737 0.16944444444444445 0.8552631578947368 0.16666666666666666 0.850328947368421 0.16296296296296298 0.8486842105263158 0.15555555555555556 0.850328947368421 0.15092592592592594 0.8569078947368421 0.14629629629629629 0.8585526315789473 0.1398148148148148 0.8667763157894737 0.1398148148148148 0.8733552631578947 0.1361111111111111 0.875 0.12685185185185185 0.8717105263157895 0.11666666666666667
1 0.805921052631579 0.3638888888888889 0.8141447368421053 0.3648148148148148 0.8174342105263158 0.3675925925925926 0.8141447368421053 0.38333333333333336 0.7944078947368421 0.39814814814814814 0.7779605263157895 0.40555555555555556 0.7664473684210527 0.40370370370370373 0.756578947368421 0.3907407407407407 0.7697368421052632 0.38055555555555554 0.774671052631579 0.3685185185185185 0.7796052631578947 0.36666666666666664 0.7861842105263158 0.3685185185185185 0.8042763157894737 0.3638888888888889
1 0.6611842105263158 0.387037037037037 0.6644736842105263 0.387037037037037 0.6644736842105263 0.38333333333333336 0.6776315789473685 0.37592592592592594 0.7023026315789473 0.37407407407407406 0.7138157894736842 0.3888888888888889 0.7154605263157895 0.39814814814814814 0.7138157894736842 0.41759259259259257 0.7023026315789473 0.425 0.6891447368421053 0.42407407407407405 0.680921052631579 0.4203703703703704 0.6759868421052632 0.4101851851851852 0.6710526315789473 0.4083333333333333 0.6677631578947368 0.40925925925925927 0.6644736842105263 0.4064814814814815 0.6611842105263158 0.4074074074074074 0.662828947368421 0.40370370370370373 0.6595394736842105 0.40185185185185185 0.6611842105263158 0.3962962962962963 0.6578947368421053 0.3907407407407407 0.6611842105263158 0.38796296296296295
1 0.7335526315789473 0.4166666666666667 0.7467105263157895 0.4166666666666667 0.7450657894736842 0.43148148148148147 0.75 0.44074074074074077 0.7483552631578947 0.45555555555555555 0.7450657894736842 0.4601851851851852 0.7203947368421053 0.46296296296296297 0.7055921052631579 0.4685185185185185 0.6990131578947368 0.4666666666666667 0.6957236842105263 0.44166666666666665 0.7006578947368421 0.43703703703703706 0.7039473684210527 0.42592592592592593 0.712171052631579 0.41944444444444445 0.7171052631578947 0.4166666666666667 0.7319078947368421 0.4166666666666667
1 0.14638157894736842 0.46296296296296297 0.15625 0.4722222222222222 0.16776315789473684 0.4666666666666667 0.17598684210526316 0.4666666666666667 0.16447368421052633 0.47962962962962963 0.16447368421052633 0.4824074074074074 0.17434210526315788 0.49166666666666664 0.17434210526315788 0.5018518518518519 0.16282894736842105 0.5083333333333333 0.1513157894736842 0.5092592592592593 0.12664473684210525 0.5046296296296297 0.1118421052631579 0.4962962962962963 0.09046052631578948 0.49444444444444446 0.09703947368421052 0.49074074074074076 0.10526315789473684 0.46944444444444444 0.12171052631578948 0.4638888888888889 0.13157894736842105 0.4648148148148148 0.13980263157894737 0.4685185185185185 0.14638157894736842 0.4638888888888889
1 0.26973684210526316 0.42592592592592593 0.2746710526315789 0.42777777777777776 0.28618421052631576 0.42592592592592593 0.3042763157894737 0.42685185185185187 0.31743421052631576 0.4324074074074074 0.31743421052631576 0.4388888888888889 0.2911184210526316 0.4527777777777778 0.2878289473684211 0.45740740740740743 0.2746710526315789 0.4648148148148148 0.2598684210526316 0.4648148148148148 0.25 0.46296296296296297 0.24342105263157895 0.4564814814814815 0.24342105263157895 0.45092592592592595 0.23684210526315788 0.44166666666666665 0.24013157894736842 0.4398148148148148 0.26480263157894735 0.4398148148148148 0.2713815789473684 0.4351851851851852 0.2680921052631579 0.42685185185185187
1 0.3651315789473684 0.4351851851851852 0.37006578947368424 0.43796296296296294 0.3717105263157895 0.4462962962962963 0.36348684210526316 0.4564814814814815 0.3470394736842105 0.4666666666666667 0.34868421052631576 0.49166666666666664 0.34375 0.48518518518518516 0.34210526315789475 0.4666666666666667 0.3371710526315789 0.4638888888888889 0.3157894736842105 0.4685185185185185 0.3059210526315789 0.47685185185185186 0.30098684210526316 0.4777777777777778 0.2894736842105263 0.4685185185185185 0.2894736842105263 0.46111111111111114 0.29605263157894735 0.4537037037037037 0.3207236842105263 0.4398148148148148 0.32730263157894735 0.44074074074074077 0.3536184210526316 0.43425925925925923 0.36348684210526316 0.4351851851851852
1 0.40625 0.4462962962962963 0.4161184210526316 0.44814814814814813 0.42105263157894735 0.4527777777777778 0.42105263157894735 0.46574074074074073 0.4144736842105263 0.475 0.4144736842105263 0.48055555555555557 0.42105263157894735 0.4888888888888889 0.42105263157894735 0.49537037037037035 0.4095394736842105 0.5101851851851852 0.40460526315789475 0.512962962962963 0.3963815789473684 0.5120370370370371 0.3815789473684211 0.4935185185185185 0.3684210526315789 0.48518518518518516 0.37006578947368424 0.47962962962962963 0.39144736842105265 0.4527777777777778 0.40460526315789475 0.4462962962962963
1 0.48355263157894735 0.4601851851851852 0.48519736842105265 0.47314814814814815 0.4934210526315789 0.48703703703703705 0.4901315789473684 0.5092592592592593 0.4654605263157895 0.5120370370370371 0.44901315789473684 0.4935185185185185 0.4457236842105263 0.4824074074074074 0.4342105263157895 0.4740740740740741 0.44243421052631576 0.46944444444444444 0.44243421052631576 0.4666666666666667 0.44901315789473684 0.462037037037037 0.4819078947368421 0.46111111111111114
1 0.4934210526315789 0.42777777777777776 0.5016447368421053 0.425 0.5082236842105263 0.4166666666666667 0.5180921052631579 0.4166666666666667 0.5230263157894737 0.41388888888888886 0.5345394736842105 0.41388888888888886 0.5394736842105263 0.41759259259259257 0.5394736842105263 0.42592592592592593 0.5361842105263158 0.4305555555555556 0.5180921052631579 0.44537037037037036 0.5032894736842105 0.4537037037037037 0.48519736842105265 0.4564814814814815 0.48026315789473684 0.44722222222222224 0.47368421052631576 0.44166666666666665 0.4753289473684211 0.4388888888888889 0.48026315789473684 0.4388888888888889 0.4868421052631579 0.4351851851851852 0.4934210526315789 0.4287037037037037
1 0.0805921052631579 0.37222222222222223 0.09868421052631579 0.38333333333333336 0.11019736842105263 0.3814814814814815 0.11842105263157894 0.37592592592592594 0.13322368421052633 0.3814814814814815 0.14144736842105263 0.387037037037037 0.13980263157894737 0.39351851851851855 0.13322368421052633 0.3972222222222222 0.11348684210526316 0.4046296296296296 0.10855263157894737 0.4083333333333333 0.08223684210526316 0.41574074074074074 0.06085526315789474 0.4148148148148148 0.05756578947368421 0.41203703703703703 0.05921052631578947 0.40370370370370373 0.06743421052631579 0.3990740740740741 0.06907894736842106 0.39537037037037037 0.06907894736842106 0.39351851851851855 0.05921052631578947 0.3907407407407407 0.05921052631578947 0.3888888888888889 0.07401315789473684 0.387037037037037 0.0805921052631579 0.38796296296296295 0.08717105263157894 0.38333333333333336 0.07730263157894737 0.37592592592592594 0.0756578947368421 0.3731481481481482 0.07894736842105263 0.37222222222222223
1 0.12828947368421054 0.5203703703703704 0.17269736842105263 0.5361111111111111 0.17927631578947367 0.5416666666666666 0.18092105263157895 0.549074074074074 0.17763157894736842 0.5518518518518518 0.16940789473684212 0.5537037037037037 0.1611842105263158 0.5537037037037037 0.15789473684210525 0.5518518518518518 0.14638157894736842 0.5537037037037037 0.13651315789473684 0.5518518518518518 0.12171052631578948 0.5435185185185185 0.11019736842105263 0.5324074074074074 0.11019736842105263 0.5277777777777778 0.11513157894736842 0.5212962962962963 0.12664473684210525 0.5203703703703704
1 0.23355263157894737 0.49537037037037035 0.24835526315789475 0.5157407407407407 0.26151315789473684 0.524074074074074 0.26644736842105265 0.5388888888888889 0.26480263157894735 0.5472222222222223 0.2565789473684211 0.55 0.24342105263157895 0.5601851851851852 0.23684210526315788 0.5509259259259259 0.22039473684210525 0.5444444444444444 0.21710526315789475 0.537962962962963 0.20065789473684212 0.525 0.20065789473684212 0.5203703703703704 0.21217105263157895 0.5046296296296297 0.23190789473684212 0.4962962962962963
1 0.31743421052631576 0.5166666666666667 0.3256578947368421 0.5157407407407407 0.3371710526315789 0.5175925925925926 0.3404605263157895 0.524074074074074 0.3404605263157895 0.5333333333333333 0.3355263157894737 0.5388888888888889 0.33881578947368424 0.5425925925925926 0.32894736842105265 0.5472222222222223 0.3223684210526316 0.5564814814814815 0.3125 0.5611111111111111 0.3042763157894737 0.5564814814814815 0.30098684210526316 0.5481481481481482 0.31085526315789475 0.5222222222222223 0.31743421052631576 0.5175925925925926
1 0.375 0.7398148148148148 0.40460526315789475 0.7453703703703703 0.4588815789473684 0.7509259259259259 0.4769736842105263 0.7481481481481481 0.48848684210526316 0.7435185185185185 0.5049342105263158 0.7444444444444445 0.5213815789473685 0.7518518518518519 0.5296052631578947 0.7527777777777778 0.5707236842105263 0.7518518518518519 0.5805921052631579 0.75 0.6019736842105263 0.7509259259259259 0.6036184210526315 0.7583333333333333 0.5904605263157895 0.7648148148148148 0.5838815789473685 0.7648148148148148 0.569078947368421 0.7703703703703704 0.5460526315789473 0.7712962962962963 0.5328947368421053 0.7694444444444445 0.5296052631578947 0.7722222222222223 0.5279605263157895 0.7842592592592592 0.5180921052631579 0.7925925925925926 0.5148026315789473 0.7916666666666666 0.5049342105263158 0.7944444444444444 0.4934210526315789 0.7925925925925926 0.47368421052631576 0.7972222222222223 0.4506578947368421 0.7972222222222223 0.44243421052631576 0.7935185185185185 0.4309210526315789 0.7925925925925926 0.42105263157894735 0.787962962962963 0.4243421052631579 0.7824074074074074 0.4309210526315789 0.7805555555555556 0.4375 0.775 0.39473684210526316 0.7592592592592593 0.38651315789473684 0.7546296296296297 0.3815789473684211 0.7481481481481481 0.3782894736842105 0.7462962962962963 0.37664473684210525 0.7472222222222222 0.3782894736842105 0.7444444444444445 0.375 0.7435185185185185 0.3717105263157895 0.7453703703703703 0.3667763157894737 0.7416666666666667 0.37335526315789475 0.7398148148148148
1 0.84375 0.7805555555555556 0.06907894736842106 0.053703703703703705
1 0.8963815789473685 0.8972222222222223 0.9013157894736842 0.8972222222222223 0.9210526315789473 0.9055555555555556 0.9259868421052632 0.9120370370370371 0.9555921052631579 0.9268518518518518 0.9588815789473685 0.9333333333333333 0.9555921052631579 0.9416666666666667 0.9490131578947368 0.9435185185185185 0.9342105263157895 0.9453703703703704 0.9243421052631579 0.9425925925925925 0.9095394736842105 0.925 0.8963815789473685 0.9166666666666666 0.8947368421052632 0.9083333333333333 0.8898026315789473 0.9074074074074074 0.8963815789473685 0.8981481481481481
1 0.4457236842105263 0.5453703703703704 0.4605263157894737 0.5472222222222223 0.46710526315789475 0.5518518518518518 0.4769736842105263 0.5638888888888889 0.4753289473684211 0.5768518518518518 0.4506578947368421 0.5814814814814815 0.4375 0.5805555555555556 0.42105263157894735 0.575925925925926 0.41118421052631576 0.5527777777777778 0.41776315789473684 0.5472222222222223 0.4440789473684211 0.5462962962962963
1 0.5970394736842105 0.2722222222222222 0.6134868421052632 0.275 0.6101973684210527 0.29259259259259257 0.631578947368421 0.29259259259259257 0.6398026315789473 0.2962962962962963 0.649671052631579 0.3074074074074074 0.649671052631579 0.31574074074074077 0.6430921052631579 0.3277777777777778 0.6365131578947368 0.3314814814814815 0.600328947368421 0.3388888888888889 0.5674342105263158 0.3425925925925926 0.5526315789473685 0.3416666666666667 0.5444078947368421 0.33611111111111114 0.53125 0.32037037037037036 0.5328947368421053 0.3138888888888889 0.5460526315789473 0.31203703703703706 0.5493421052631579 0.30925925925925923 0.5592105263157895 0.30925925925925923 0.5641447368421053 0.30648148148148147 0.5641447368421053 0.2833333333333333 0.5723684210526315 0.28425925925925927 0.5756578947368421 0.2824074074074074 0.5822368421052632 0.2712962962962963 0.5953947368421053 0.2722222222222222