1 0.7154605263157895 0.20185185185185187 0.7203947368421053 0.20462962962962963 0.7203947368421053 0.21388888888888888 0.7154605263157895 0.22037037037037038 0.7138157894736842 0.23703703703703705 0.7105263157894737 0.24166666666666667 0.6990131578947368 0.24722222222222223 0.6907894736842105 0.24722222222222223 0.6858552631578947 0.24444444444444444 0.6842105263157895 0.23425925925925925 0.6907894736842105 0.21666666666666667 0.7006578947368421 0.20462962962962963 0.7055921052631579 0.20185185185185187 0.7138157894736842 0.20185185185185187
1 0.3338815789473684 0.2962962962962963 0.34210526315789475 0.2962962962962963 0.3503289473684211 0.30092592592592593 0.3519736842105263 0.30833333333333335 0.3470394736842105 0.31666666666666665 0.3338815789473684 0.32037037037037036 0.32401315789473684 0.32037037037037036 0.3207236842105263 0.3175925925925926 0.3190789473684211 0.30925925925925923 0.3223684210526316 0.3037037037037037 0.33223684210526316 0.2972222222222222
1 0.29605263157894735 0.3074074074074074 0.3190789473684211 0.31574074074074077 0.3223684210526316 0.3194444444444444 0.3207236842105263 0.32314814814814813 0.2993421052631579 0.3212962962962963 0.28289473684210525 0.31574074074074077 0.28125 0.3101851851851852 0.28618421052631576 0.3074074074074074 0.2944078947368421 0.3074074074074074
1 0.3207236842105263 0.275 0.3305921052631579 0.27870370370370373 0.33223684210526316 0.2814814814814815 0.3305921052631579 0.29074074074074074 0.3256578947368421 0.2953703703703704 0.3157894736842105 0.30092592592592593 0.31085526315789475 0.30092592592592593 0.30098684210526316 0.2935185185185185 0.3092105263157895 0.28055555555555556 0.3190789473684211 0.2759259259259259
1 0.3338815789473684 0.26481481481481484 0.33881578947368424 0.26666666666666666 0.3470394736842105 0.26481481481481484 0.35526315789473684 0.275 0.3536184210526316 0.2824074074074074 0.3371710526315789 0.2861111111111111 0.33223684210526316 0.2851851851851852 0.33223684210526316 0.28055555555555556 0.3223684210526316 0.275 0.3256578947368421 0.2657407407407407 0.33223684210526316 0.26481481481481484
1 0.48026315789473684 0.24166666666666667 0.48848684210526316 0.24537037037037038 0.4917763157894737 0.25092592592592594 0.4917763157894737 0.2638888888888889 0.4819078947368421 0.26666666666666666 0.4720394736842105 0.2611111111111111 0.46710526315789475 0.24722222222222223 0.47368421052631576 0.24259259259259258 0.4786184210526316 0.24259259259259258
1 0.48026315789473684 0.26944444444444443 0.4934210526315789 0.2657407407407407 0.5082236842105263 0.2777777777777778 0.5082236842105263 0.28425925925925927 0.5 0.28703703703703703 0.4917763157894737 0.28703703703703703 0.4769736842105263 0.27870370370370373 0.4769736842105263 0.2722222222222222 0.48026315789473684 0.27037037037037037
1 0.5493421052631579 0.25277777777777777 0.5592105263157895 0.25555555555555554 0.5608552631578947 0.262037037037037 0.5460526315789473 0.26851851851851855 0.53125 0.26944444444444443 0.5230263157894737 0.2675925925925926 0.5213815789473685 0.25833333333333336 0.5476973684210527 0.25277777777777777
1 0.5230263157894737 0.225 0.049342105263157895 0.020370370370370372
1 0.29276315789473684 0.41759259259259257 0.29769736842105265 0.42314814814814816 0.2894736842105263 0.43333333333333335 0.28125 0.43796296296296294 0.2746710526315789 0.43796296296296294 0.2680921052631579 0.4351851851851852 0.2680921052631579 0.4287037037037037 0.2730263157894737 0.42314814814814816 0.28289473684210525 0.4185185185185185 0.2911184210526316 0.41759259259259257
1 0.23026315789473684 0.4083333333333333 0.23355263157894737 0.40925925925925927 0.23355263157894737 0.41574074074074074 0.22697368421052633 0.42407407407407405 0.22039473684210525 0.42777777777777776 0.21052631578947367 0.42685185185185187 0.20394736842105263 0.4212962962962963 0.2138157894736842 0.4111111111111111 0.22861842105263158 0.4083333333333333
1 0.26973684210526316 0.39444444444444443 0.2730263157894737 0.3962962962962963 0.2730263157894737 0.4009259259259259 0.26151315789473684 0.40555555555555556 0.24177631578947367 0.40185185185185185 0.23848684210526316 0.4 0.23848684210526316 0.3962962962962963 0.25493421052631576 0.3888888888888889 0.2680921052631579 0.39444444444444443
1 0.2993421052631579 0.39166666666666666 0.31085526315789475 0.3972222222222222 0.3092105263157895 0.40370370370370373 0.2993421052631579 0.4074074074074074 0.2894736842105263 0.4046296296296296 0.28289473684210525 0.3990740740740741 0.28289473684210525 0.39351851851851855 0.28618421052631576 0.39166666666666666 0.29769736842105265 0.39166666666666666
1 0.2845394736842105 0.3731481481481482 0.3092105263157895 0.37037037037037035 0.32401315789473684 0.38333333333333336 0.31085526315789475 0.38796296296296295 0.29605263157894735 0.38425925925925924 0.2878289473684211 0.3787037037037037 0.28618421052631576 0.37407407407407406
1 0.37335526315789475 0.3972222222222222 0.37664473684210525 0.39814814814814814 0.3832236842105263 0.39537037037037037 0.39144736842105265 0.3972222222222222 0.3980263157894737 0.412962962962963 0.40625 0.41759259259259257 0.4144736842105263 0.41759259259259257 0.4144736842105263 0.42592592592592593 0.41118421052631576 0.42962962962962964 0.40789473684210525 0.43148148148148147 0.3963815789473684 0.42407407407407405 0.38651315789473684 0.42592592592592593 0.3832236842105263 0.4185185185185185 0.37006578947368424 0.4148148148148148 0.3684210526315789 0.4064814814814815 0.3717105263157895 0.39814814814814814
1 0.6447368421052632 0.33425925925925926 0.6480263157894737 0.3277777777777778 0.6546052631578947 0.32407407407407407 0.6661184210526315 0.32222222222222224 0.6694078947368421 0.32407407407407407 0.6677631578947368 0.3314814814814815 0.680921052631579 0.34444444444444444 0.6776315789473685 0.3490740740740741 0.6694078947368421 0.3453703703703704 0.662828947368421 0.3453703703703704 0.65625 0.3490740740740741 0.649671052631579 0.3425925925925926 0.6463815789473685 0.3453703703703704 0.6365131578947368 0.3453703703703704 0.6332236842105263 0.33796296296296297 0.6430921052631579 0.33425925925925926
1 0.0805921052631579 0.4425925925925926 0.08881578947368421 0.44537037037037036 0.08881578947368421 0.45092592592592595 0.08388157894736842 0.4564814814814815 0.06085526315789474 0.47129629629629627 0.05263157894736842 0.47314814814814815 0.044407894736842105 0.47314814814814815 0.04111842105263158 0.47129629629629627 0.04111842105263158 0.4648148148148148 0.049342105263157895 0.4564814814814815 0.07072368421052631 0.4444444444444444 0.07894736842105263 0.4425925925925926
1 0.06414473684210527 0.4777777777777778 0.0805921052631579 0.48148148148148145 0.08717105263157894 0.487962962962963 0.08717105263157894 0.4925925925925926 0.07072368421052631 0.4925925925925926 0.06085526315789474 0.4898148148148148 0.054276315789473686 0.4861111111111111 0.054276315789473686 0.4824074074074074 0.0625 0.4787037037037037
1 0.05263157894736842 0.4981481481481482 0.07072368421052631 0.49722222222222223 0.07730263157894737 0.5037037037037037 0.0805921052631579 0.5018518518518519 0.08552631578947369 0.5027777777777778 0.08717105263157894 0.5009259259259259 0.09046052631578948 0.5037037037037037 0.08881578947368421 0.5083333333333333 0.09210526315789473 0.5148148148148148 0.09210526315789473 0.5194444444444445 0.08717105263157894 0.5231481481481481 0.07236842105263158 0.5194444444444445 0.05098684210526316 0.5046296296296297 0.05263157894736842 0.49907407407407406
1 0.7407565789473685 0.34246296296296297 0.02161184210526316 0.030277777777777782
1 0.7302631578947368 0.35462962962962963 0.725328947368421 0.34444444444444444 0.7302631578947368 0.3314814814814815 0.7351973684210527 0.3287037037037037 0.7450657894736842 0.3314814814814815 0.7450657894736842 0.34444444444444444 0.7401315789473685 0.35462962962962963 0.7319078947368421 0.35462962962962963
1 0.7853618421052632 0.3384259259259259 0.02138157894736842 0.01574074074074074
1 0.8618421052631579 0.3175925925925926 0.8634868421052632 0.32222222222222224 0.8486842105263158 0.3287037037037037 0.8305921052631579 0.3277777777777778 0.8305921052631579 0.32222222222222224 0.850328947368421 0.31666666666666665 0.8601973684210527 0.3175925925925926
1 0.9342105263157895 0.33796296296296297 0.9506578947368421 0.34814814814814815 0.9539473684210527 0.35648148148148145 0.9457236842105263 0.35833333333333334 0.9391447368421053 0.3574074074074074 0.9259868421052632 0.36203703703703705 0.9226973684210527 0.36203703703703705 0.9243421052631579 0.35 0.9210526315789473 0.33796296296296297 0.9325657894736842 0.33796296296296297
1 0.46710526315789475 0.6046296296296296 0.47039473684210525 0.6055555555555555 0.4720394736842105 0.6129629629629629 0.4457236842105263 0.6287037037037037 0.4375 0.6287037037037037 0.4276315789473684 0.6259259259259259 0.4309210526315789 0.6240740740740741 0.42598684210526316 0.6194444444444445 0.4276315789473684 0.6157407407407407 0.43585526315789475 0.6111111111111112 0.4555921052631579 0.6055555555555555 0.4654605263157895 0.6046296296296296
1 0.375 0.6805555555555556 0.3930921052631579 0.6925925925925925 0.39144736842105265 0.7 0.38651315789473684 0.7027777777777777 0.375 0.7 0.36348684210526316 0.6916666666666667 0.36348684210526316 0.6861111111111111 0.3684210526315789 0.6814814814814815 0.37335526315789475 0.6805555555555556
1 0.3651315789473684 0.7166666666666667 0.37006578947368424 0.7194444444444444 0.37006578947368424 0.7342592592592593 0.3651315789473684 0.7444444444444445 0.3569078947368421 0.75 0.3519736842105263 0.75 0.34868421052631576 0.7472222222222222 0.3470394736842105 0.7342592592592593 0.35526315789473684 0.7175925925925926 0.36348684210526316 0.7166666666666667
1 0.43585526315789475 0.7138888888888889 0.44243421052631576 0.7166666666666667 0.4457236842105263 0.7212962962962963 0.44901315789473684 0.7324074074074074 0.4457236842105263 0.7407407407407407 0.43914473684210525 0.7407407407407407 0.43256578947368424 0.7333333333333333 0.4292763157894737 0.7166666666666667 0.4342105263157895 0.7138888888888889
1 0.2894736842105263 0.662962962962963 0.29605263157894735 0.6666666666666666 0.29769736842105265 0.6787037037037037 0.28618421052631576 0.6851851851851852 0.27960526315789475 0.6824074074074075 0.27631578947368424 0.674074074074074 0.28125 0.6657407407407407 0.2878289473684211 0.662962962962963
1 0.5773026315789473 0.8527777777777777 0.5855263157894737 0.8564814814814815 0.5986842105263158 0.8694444444444445 0.6019736842105263 0.8814814814814815 0.5970394736842105 0.8842592592592593 0.5855263157894737 0.8851851851851852 0.5657894736842105 0.8722222222222222 0.5625 0.8629629629629629 0.5674342105263158 0.8555555555555555 0.5756578947368421 0.8537037037037037
1 0.5131578947368421 0.7518518518518519 0.5263157894736842 0.7546296296296297 0.53125 0.7583333333333333 0.5263157894736842 0.7666666666666667 0.5180921052631579 0.7712962962962963 0.5032894736842105 0.7703703703703704 0.4917763157894737 0.7648148148148148 0.4868421052631579 0.7592592592592593 0.4934210526315789 0.7509259259259259 0.5049342105263158 0.75 0.5115131578947368 0.7518518518518519
1 0.506578947368421 0.7333333333333333 0.5197368421052632 0.7333333333333333 0.5427631578947368 0.7416666666666667 0.5444078947368421 0.7444444444444445 0.5394736842105263 0.7518518518518519 0.5180921052631579 0.7518518518518519 0.506578947368421 0.7453703703703703 0.506578947368421 0.7342592592592593
1 0.587171052631579 0.7166666666666667 0.5904605263157895 0.7194444444444444 0.5888157894736842 0.725 0.5723684210526315 0.7314814814814815 0.5526315789473685 0.7314814814814815 0.5526315789473685 0.725925925925926 0.5625 0.7203703703703703 0.5855263157894737 0.7166666666666667
1 0.5213815789473685 0.6712962962962963 0.537828947368421 0.687962962962963 0.537828947368421 0.6907407407407408 0.53125 0.6953703703703704 0.5180921052631579 0.6935185185185185 0.506578947368421 0.687037037037037 0.4901315789473684 0.6731481481481482 0.4917763157894737 0.6694444444444444 0.5197368421052632 0.6712962962962963
1 0.38980263157894735 0.6398148148148148 0.3980263157894737 0.6370370370370371 0.4029605263157895 0.6370370370370371 0.40625 0.6398148148148148 0.40131578947368424 0.6518518518518519 0.38651315789473684 0.6574074074074074 0.37993421052631576 0.6574074074074074 0.3782894736842105 0.65 0.38980263157894735 0.6407407407407407
1 0.6151315789473685 0.5907407407407408 0.6381578947368421 0.6 0.6414473684210527 0.6092592592592593 0.6365131578947368 0.6111111111111112 0.6101973684210527 0.5981481481481481 0.6069078947368421 0.5916666666666667 0.6134868421052632 0.5907407407407408
1 0.7730263157894737 0.6203703703703703 0.78125 0.6222222222222222 0.7828947368421053 0.6259259259259259 0.7796052631578947 0.6305555555555555 0.7582236842105263 0.6361111111111111 0.7450657894736842 0.6324074074074074 0.7401315789473685 0.6333333333333333 0.7351973684210527 0.6268518518518519 0.7236842105263158 0.6240740740740741 0.7203947368421053 0.6194444444444445 0.7220394736842105 0.6148148148148148 0.7335526315789473 0.6074074074074074 0.7483552631578947 0.6046296296296296 0.7582236842105263 0.6083333333333333 0.7713815789473685 0.6203703703703703
1 0.8108552631578947 0.6472222222222223 0.8223684210526315 0.65 0.8174342105263158 0.6592592592592592 0.7976973684210527 0.6666666666666666 0.7894736842105263 0.6666666666666666 0.78125 0.6620370370370371 0.78125 0.6574074074074074 0.787828947368421 0.6537037037037037 0.8092105263157895 0.6481481481481481
1 0.6480263157894737 0.5175925925925926 0.6595394736842105 0.5203703703703704 0.6743421052631579 0.5296296296296297 0.6973684210526315 0.5333333333333333 0.7088815789473685 0.5398148148148149 0.743421052631579 0.5518518518518518 0.7532894736842105 0.562037037037037 0.7532894736842105 0.5694444444444444 0.7467105263157895 0.5731481481481482 0.7401315789473685 0.5731481481481482 0.7368421052631579 0.575 0.7154605263157895 0.5740740740740741 0.6957236842105263 0.5685185185185185 0.6677631578947368 0.575925925925926 0.6463815789473685 0.5777777777777777 0.6365131578947368 0.5777777777777777 0.6414473684210527 0.5712962962962963 0.6381578947368421 0.5638888888888889 0.6299342105263158 0.5592592592592592 0.618421052631579 0.5592592592592592 0.6069078947368421 0.5546296296296296 0.5921052631578947 0.5398148148148149 0.5904605263157895 0.5342592592592592 0.59375 0.5222222222222223 0.6019736842105263 0.5185185185185185 0.6134868421052632 0.5166666666666667 0.6463815789473685 0.5175925925925926
1 0.5460526315789473 0.5009259259259259 0.555921052631579 0.5037037037037037 0.5641447368421053 0.5138888888888888 0.5641447368421053 0.5212962962962963 0.5575657894736842 0.5259259259259259 0.5131578947368421 0.524074074074074 0.4868421052631579 0.5185185185185185 0.48519736842105265 0.5166666666666667 0.4868421052631579 0.5101851851851852 0.5032894736842105 0.5037037037037037 0.5263157894736842 0.5009259259259259 0.5444078947368421 0.5009259259259259
1 0.45723684210526316 0.3537037037037037 0.47368421052631576 0.35833333333333334 0.4769736842105263 0.3611111111111111 0.4868421052631579 0.37777777777777777 0.4868421052631579 0.3851851851851852 0.48026315789473684 0.3861111111111111 0.47368421052631576 0.3814814814814815 0.47039473684210525 0.3824074074074074 0.47039473684210525 0.3972222222222222 0.4654605263157895 0.4148148148148148 0.45394736842105265 0.4222222222222222 0.4440789473684211 0.4222222222222222 0.43914473684210525 0.41388888888888886 0.43585526315789475 0.387037037037037 0.43256578947368424 0.3814814814814815 0.43256578947368424 0.3611111111111111 0.4342105263157895 0.35555555555555557 0.4407894736842105 0.35185185185185186 0.45230263157894735 0.35185185185185186 0.4555921052631579 0.3537037037037037
1 0.45723684210526316 0.29074074074074074 0.47039473684210525 0.2962962962962963 0.4868421052631579 0.29907407407407405 0.5016447368421053 0.31203703703703706 0.5131578947368421 0.31666666666666665 0.5213815789473685 0.32314814814814813 0.5263157894736842 0.3296296296296296 0.5263157894736842 0.3398148148148148 0.5180921052631579 0.3425925925925926 0.5098684210526315 0.3416666666666667 0.4917763157894737 0.33425925925925926 0.48355263157894735 0.3351851851851852 0.4769736842105263 0.3388888888888889 0.46381578947368424 0.32407407407407407 0.43914473684210525 0.30925925925925923 0.4375 0.29907407407407405 0.4407894736842105 0.2916666666666667 0.4440789473684211 0.28888888888888886 0.4555921052631579 0.29074074074074074
1 0 0.2814814814814815 0.03782894736842105 0.28703703703703703 0.047697368421052634 0.29074074074074074 0.0756578947368421 0.29259259259259257 0.09868421052631579 0.29074074074074074 0.13980263157894737 0.30092592592592593 0.15460526315789475 0.30185185185185187 0.15953947368421054 0.3055555555555556 0.17434210526315788 0.30648148148148147 0.19078947368421054 0.31203703703703706 0.20394736842105263 0.3111111111111111 0.22039473684210525 0.31296296296296294 0.2845394736842105 0.33240740740740743 0.29605263157894735 0.3398148148148148 0.29605263157894735 0.3435185185185185 0.2894736842105263 0.34814814814814815 0.2746710526315789 0.35 0.23848684210526316 0.34629629629629627 0.20888157894736842 0.34629629629629627 0.20559210526315788 0.34814814814814815 0.20230263157894737 0.34629629629629627 0.16611842105263158 0.34444444444444444 0.14144736842105263 0.3398148148148148 0.12171052631578948 0.3398148148148148 0.09046052631578948 0.3296296296296296 0.08388157894736842 0.33055555555555555 0.06578947368421052 0.32592592592592595 0.05263157894736842 0.32592592592592595 0.05098684210526316 0.3296296296296296 0.06907894736842106 0.3527777777777778 0.05592105263157895 0.3638888888888889 0.03618421052631579 0.3638888888888889 0.024671052631578948 0.3574074074074074 0.023026315789473683 0.36018518518518516 0.018092105263157895 0.3574074074074074 0.014802631578947368 0.3592592592592593 0.014802631578947368 0.3435185185185185 0.019736842105263157 0.33796296296296297 0.018092105263157895 0.33425925925925926 0.03125 0.3287037037037037 0.03453947368421053 0.32407407407407407 0.029605263157894735 0.32407407407407407 0.024671052631578948 0.32037037037037036 0 0.3148148148148148 0 0.2824074074074074
1 0.6118421052631579 0.31296296296296294 0.6233552631578947 0.32037037037037036 0.6101973684210527 0.3296296296296296 0.6069078947368421 0.3351851851851852 0.5953947368421053 0.33425925925925926 0.59375 0.32407407407407407 0.5970394736842105 0.3194444444444444 0.6101973684210527 0.31296296296296294
1 0.6546052631578947 0.3037037037037037 0.662828947368421 0.3055555555555556 0.6611842105263158 0.3101851851851852 0.6430921052631579 0.31574074074074077 0.6266447368421053 0.3148148148148148 0.625 0.3101851851851852 0.6282894736842105 0.30648148148148147 0.6430921052631579 0.3055555555555556 0.6480263157894737 0.30185185185185187 0.6529605263157895 0.3037037037037037
1 0.7088815789473685 0.2722222222222222 0.7138157894736842 0.2759259259259259 0.7138157894736842 0.2898148148148148 0.7088815789473685 0.2935185185185185 0.694078947368421 0.29259259259259257 0.6891447368421053 0.2833333333333333 0.6907894736842105 0.27685185185185185 0.6957236842105263 0.2740740740740741 0.7072368421052632 0.2722222222222222
1 0.774671052631579 0.26296296296296295 0.787828947368421 0.26481481481481484 0.787828947368421 0.26851851851851855 0.7615131578947368 0.2898148148148148 0.756578947368421 0.2898148148148148 0.7516447368421053 0.28703703703703703 0.75 0.2824074074074074 0.7549342105263158 0.2712962962962963 0.7615131578947368 0.26481481481481484 0.7730263157894737 0.26296296296296295
1 0.7302631578947368 0.2824074074074074 0.7302631578947368 0.28425925925925927 0.7368421052631579 0.28703703703703703 0.7467105263157895 0.28425925925925927 0.75 0.28888888888888886 0.743421052631579 0.3 0.7401315789473685 0.30185185185185187 0.7302631578947368 0.30092592592592593 0.7269736842105263 0.29814814814814816 0.7302631578947368 0.2833333333333333
1 0.7286184210526315 0.30185185185185187 0.7351973684210527 0.30462962962962964 0.7335526315789473 0.3101851851851852 0.7236842105263158 0.3175925925925926 0.7105263157894737 0.3212962962962963 0.7055921052631579 0.3212962962962963 0.7006578947368421 0.3138888888888889 0.7203947368421053 0.30277777777777776 0.7269736842105263 0.30185185185185187
1 0.6842105263157895 0.3194444444444444 0.7039473684210527 0.3277777777777778 0.7072368421052632 0.3314814814814815 0.7055921052631579 0.3351851851851852 0.6907894736842105 0.33240740740740743 0.6825657894736842 0.3287037037037037 0.6776315789473685 0.32407407407407407 0.6776315789473685 0.32037037037037036 0.6825657894736842 0.3194444444444444
1 0.5263157894736842 0.35462962962962963 0.53125 0.35833333333333334 0.5328947368421053 0.37037037037037035 0.524671052631579 0.37407407407407406 0.5131578947368421 0.37037037037037035 0.5098684210526315 0.3638888888888889 0.5115131578947368 0.35648148148148145 0.524671052631579 0.35462962962962963
1 0.4868421052631579 0.40370370370370373 0.4967105263157895 0.40185185185185185 0.5049342105263158 0.3962962962962963 0.5148026315789473 0.3972222222222222 0.5180921052631579 0.4 0.5148026315789473 0.4074074074074074 0.49835526315789475 0.412962962962963 0.48848684210526316 0.41203703703703703 0.4868421052631579 0.4046296296296296
1 0.5180921052631579 0.40925925925925927 0.524671052631579 0.41388888888888886 0.5230263157894737 0.42407407407407405 0.5164473684210527 0.42685185185185187 0.5082236842105263 0.42592592592592593 0.506578947368421 0.42407407407407405 0.5082236842105263 0.41388888888888886 0.5131578947368421 0.4101851851851852 0.5164473684210527 0.4101851851851852